2 0.016276041666666668 0.48046875 0.032552083333333336 0.087890625
2 0.7109375 0.5234375 0.059895833333333336 0.076171875
2 0.5911458333333334 0.53125 0.06640625 0.0693359375
2 0.7877604166666666 0.5283203125 0.05859375 0.0693359375
2 0.4700520833333333 0.5244140625 0.057291666666666664 0.0615234375
2 0.1953125 0.689453125 0.16666666666666666 0.05859375
2 0.2916666666666667 0.5009765625 0.048177083333333336 0.0556640625
2 0.15364583333333334 0.50390625 0.045572916666666664 0.0546875
2 0.24869791666666666 0.509765625 0.0546875 0.0546875
2 0.8815104166666666 0.4990234375 0.049479166666666664 0.0546875
2 0.41796875 0.52734375 0.0625 0.0537109375
2 0.4713541666666667 0.6748046875 0.22135416666666666 0.0419921875
2 0.9453125 0.4794921875 0.048177083333333336 0.0400390625
2 0.109375 0.50390625 0.0390625 0.0380859375
2 0.21614583333333334 0.5126953125 0.04296875 0.03515625
2 0.18489583333333334 0.509765625 0.022135416666666668 0.0283203125
2 0.055989583333333336 0.509765625 0.03125 0.0263671875
2 0.3294270833333333 0.521484375 0.059895833333333336 0.0205078125
2 0.953125 0.42578125 0.032552083333333336 0.0361328125