2 0.7161458333333334 0.6171875 0.07552083333333333 0.0810546875
2 0.2903645833333333 0.5556640625 0.04296875 0.0556640625
2 0.14713541666666666 0.5595703125 0.044270833333333336 0.0537109375
2 0.1875 0.560546875 0.029947916666666668 0.0478515625
2 0.06640625 0.5634765625 0.07682291666666667 0.0478515625
2 0.22135416666666666 0.560546875 0.024739583333333332 0.046875
2 0.3984375 0.5234375 0.05859375 0.044921875
2 0.6145833333333334 0.482421875 0.041666666666666664 0.04296875
2 0.09244791666666667 0.546875 0.049479166666666664 0.0400390625
2 0.3372395833333333 0.5263671875 0.029947916666666668 0.037109375
2 0.048177083333333336 0.5302734375 0.037760416666666664 0.0361328125
2 0.7278645833333334 0.4794921875 0.040364583333333336 0.0302734375
2 0.24739583333333334 0.5693359375 0.049479166666666664 0.0283203125
2 0.52734375 0.546875 0.0390625 0.0244140625
2 0.013020833333333334 0.552734375 0.026041666666666668 0.0185546875
2 0.7864583333333334 0.7451171875 0.2799479166666667 0.07421875