4 0.59375 0.6106770833333334 0.1103515625 0.38671875
0 0.6455078125 0.6536458333333334 0.0361328125 0.055989583333333336
0 0.72265625 0.6979166666666666 0.10546875 0.059895833333333336
0 0.337890625 0.5130208333333334 0.03125 0.022135416666666668
0 0.34765625 0.3268229166666667 0.0283203125 0.01953125
0 0.1162109375 0.4270833333333333 0.0390625 0.01953125
0 0.12890625 0.7317708333333334 0.021484375 0.06380208333333333
0 0.1005859375 0.8294270833333334 0.0205078125 0.032552083333333336
0 0.2373046875 0.7473958333333334 0.0185546875 0.015625
0 0.291015625 0.6549479166666666 0.005859375 0.022135416666666668
0 0.13671875 0.6510416666666666 0.03125 0.03515625
0 0.111328125 0.6796875 0.033203125 0.05078125
0 0.7470703125 0.5546875 0.029296875 0.024739583333333332
0 0.26953125 0.35546875 0.0166015625 0.01171875