0 0.4778645833333333 0.3017578125 0.5520833333333334 0.3916015625
0 0.5611979166666666 0.1337890625 0.3984375 0.2568359375
4 0.4010416666666667 0.599609375 0.3489583333333333 0.18359375
4 0.7903645833333334 0.91015625 0.41796875 0.177734375
0 0.7747395833333334 0.494140625 0.2747395833333333 0.16015625
0 0.08854166666666667 0.3544921875 0.17708333333333334 0.1279296875
0 0.93359375 0.3671875 0.13020833333333334 0.1240234375
0 0.8059895833333334 0.4052734375 0.10026041666666667 0.111328125
0 0.9166666666666666 0.4326171875 0.16536458333333334 0.1005859375
0 0.5768229166666666 0.423828125 0.22395833333333334 0.087890625
0 0.9244791666666666 0.52734375 0.1484375 0.0849609375
0 0.5846354166666666 0.4736328125 0.12109375 0.0634765625
0 0.50390625 0.74609375 0.171875 0.0615234375
4 0.3424479166666667 0.7275390625 0.08203125 0.0556640625
0 0.6796875 0.5986328125 0.1640625 0.0517578125
0 0.1328125 0.580078125 0.12109375 0.046875
0 0.34765625 0.5634765625 0.07942708333333333 0.0380859375
0 0.038411458333333336 0.56591796875 0.07682291666666667 0.0400390625
0 0.2903645833333333 0.572265625 0.06510416666666667 0.03125
0 0.22526041666666666 0.572265625 0.059895833333333336 0.0283203125
4 0.859375 0.15478515625 0.2786458333333333 0.3095703125