2 0.22916666666666666 0.8125 0.328125 0.1494140625
2 0.6731770833333334 0.494140625 0.15755208333333334 0.1171875
2 0.4895833333333333 0.2900390625 0.11458333333333333 0.107421875
2 0.7994791666666666 0.2177734375 0.06640625 0.0625
2 0.6458333333333334 0.22265625 0.061197916666666664 0.05078125
2 0.87109375 0.21875 0.0390625 0.0478515625
2 0.97265625 0.2109375 0.052083333333333336 0.048828125
2 0.4375 0.376953125 0.17708333333333334 0.04296875
2 0.9036458333333334 0.224609375 0.04296875 0.0322265625
2 0.7565104166666666 0.2197265625 0.028645833333333332 0.029296875
2 0.7135416666666666 0.224609375 0.052083333333333336 0.02734375