0 0.3802083333333333 0.19921875 0.4661458333333333 0.34765625
0 0.5872395833333334 0.5751953125 0.2265625 0.234375
0 0.8359375 0.748046875 0.23828125 0.1923828125
0 0.7018229166666666 0.392578125 0.13151041666666666 0.1904296875
0 0.09244791666666667 0.66015625 0.045572916666666664 0.0732421875
0 0.3932291666666667 0.6318359375 0.055989583333333336 0.064453125
0 0.2747395833333333 0.6171875 0.0703125 0.0625
0 0.031901041666666664 0.73486328125 0.06380208333333333 0.0537109375
0 0.4700520833333333 0.6630859375 0.06901041666666667 0.0517578125
0 0.3046875 0.6796875 0.08854166666666667 0.05078125
0 0.16536458333333334 0.669921875 0.08463541666666667 0.037109375
0 0.3229166666666667 0.6103515625 0.055989583333333336 0.0361328125
0 0.09244791666666667 0.6796875 0.10026041666666667 0.0361328125
0 0.042317708333333336 0.73583984375 0.08463541666666667 0.0361328125