0 0.8958333333333334 0.130859375 0.14713541666666666 0.1904296875
4 0.47265625 0.58984375 0.4348958333333333 0.15234375
4 0.31640625 0.9404296875 0.3776041666666667 0.1171875
0 0.18229166666666666 0.3583984375 0.17578125 0.1025390625
0 0.3567708333333333 0.421875 0.1640625 0.076171875
0 0.9466145833333334 0.3583984375 0.10286458333333333 0.076171875
0 0.0859375 0.3798828125 0.171875 0.0673828125
0 0.765625 0.462890625 0.19661458333333334 0.064453125
0 0.94140625 0.4609375 0.11458333333333333 0.060546875
0 0.057291666666666664 0.4765625 0.11458333333333333 0.05859375
0 0.1875 0.4248046875 0.1796875 0.0556640625
0 0.6041666666666666 0.4541015625 0.13932291666666666 0.046875
0 0.5950520833333334 0.4140625 0.14322916666666666 0.046875
0 0.70703125 0.390625 0.13411458333333334 0.0380859375