0 0.06510416666666667 0.62890625 0.13020833333333334 0.1171875
0 0.3836805555555556 0.67578125 0.2708333333333333 0.1123046875
0 0.59375 0.4501953125 0.234375 0.103515625
4 0.6822916666666666 0.2978515625 0.6302083333333334 0.1015625
0 0.1909722222222222 0.599609375 0.1684027777777778 0.0986328125
0 0.3611111111111111 0.4033203125 0.1579861111111111 0.09765625
0 0.3958333333333333 0.5234375 0.1527777777777778 0.09765625
0 0.90625 0.4931640625 0.18229166666666666 0.095703125
0 0.7065972222222222 0.7158203125 0.17708333333333334 0.091796875
0 0.8715277777777778 0.724609375 0.16493055555555555 0.091796875
0 0.6076388888888888 0.5498046875 0.11979166666666667 0.0908203125
0 0.3489583333333333 0.5771484375 0.1423611111111111 0.0888671875
0 0.5954861111111112 0.357421875 0.171875 0.0830078125
0 0.7916666666666666 0.45703125 0.140625 0.0751953125
0 0.21180555555555555 0.517578125 0.1388888888888889 0.07421875
0 0.7604166666666666 0.5751953125 0.1597222222222222 0.0732421875
0 0.5434027777777778 0.6279296875 0.1371527777777778 0.0712890625
0 0.8993055555555556 0.5712890625 0.16666666666666666 0.0654296875
0 0.8871527777777778 0.638671875 0.13368055555555555 0.05859375
0 0.9201388888888888 0.21875 0.08854166666666667 0.03515625
0 0.3246527777777778 0.2998046875 0.06944444444444445 0.0224609375
0 0.9826388888888888 0.1689453125 0.03125 0.0205078125
0 0.2048611111111111 0.2421875 0.05555555555555555 0.0205078125
0 0.8541666666666666 0.146484375 0.022569444444444444 0.01953125
0 0.6336805555555556 0.205078125 0.04861111111111111 0.01953125
0 0.8125 0.220703125 0.05381944444444445 0.0166015625
0 0.2534722222222222 0.064453125 0.036458333333333336 0.013671875
0 0.5972222222222222 0.103515625 0.036458333333333336 0.01171875