0 0.3447265625 0.15104166666666666 0.048828125 0.15104166666666666
0 0.3173828125 0.66796875 0.0400390625 0.125
0 0.30859375 0.18098958333333334 0.05859375 0.12369791666666667
0 0.2177734375 0.55859375 0.033203125 0.12239583333333333
0 0.2158203125 0.6432291666666666 0.07421875 0.11328125
0 0.1865234375 0.5807291666666666 0.0380859375 0.1015625
0 0.248046875 0.52734375 0.046875 0.10026041666666667
0 0.0546875 0.6315104166666666 0.0322265625 0.09895833333333333
0 0.5322265625 0.4322916666666667 0.03515625 0.09505208333333333
0 0.1337890625 0.6380208333333334 0.0361328125 0.09375
0 0.3349609375 0.4869791666666667 0.076171875 0.08984375
0 0.3232421875 0.34765625 0.0439453125 0.08723958333333333
0 0.1552734375 0.74609375 0.04296875 0.0859375
0 0.1162109375 0.8619791666666666 0.0400390625 0.0859375
0 0.3662109375 0.3958333333333333 0.0380859375 0.0859375
0 0.28515625 0.9010416666666666 0.03515625 0.08333333333333333
0 0.10546875 0.7578125 0.02734375 0.08333333333333333
0 0.1337890625 0.69140625 0.033203125 0.08333333333333333
0 0.2978515625 0.6015625 0.0263671875 0.08203125
0 0.1572265625 0.6848958333333334 0.025390625 0.07552083333333333
0 0.2646484375 0.3697916666666667 0.0654296875 0.06380208333333333
0 0.369140625 0.2890625 0.0478515625 0.061197916666666664
0 0.1826171875 0.9479166666666666 0.0302734375 0.059895833333333336
0 0.251953125 0.21223958333333334 0.0224609375 0.057291666666666664
0 0.208984375 0.9036458333333334 0.041015625 0.053385416666666664
0 0.400390625 0.12760416666666666 0.03125 0.053385416666666664
0 0.0732421875 0.9739583333333334 0.0224609375 0.049479166666666664
0 0.0869140625 0.08984375 0.021484375 0.04296875