4 0.5989583333333334 0.6396484375 0.3763020833333333 0.208984375
4 0.5989583333333334 0.392578125 0.5638020833333334 0.1943359375
4 0.12109375 0.892578125 0.2421875 0.1376953125
0 0.11458333333333333 0.5830078125 0.12109375 0.0703125
0 0.8098958333333334 0.15625 0.171875 0.0625
0 0.58203125 0.228515625 0.15755208333333334 0.0556640625
0 0.059244791666666664 0.21728515625 0.11848958333333333 0.0556640625
0 0.17708333333333334 0.2822265625 0.16666666666666666 0.0517578125
0 0.4661458333333333 0.1796875 0.1328125 0.048828125
0 0.8151041666666666 0.212890625 0.1640625 0.0478515625
0 0.5755208333333334 0.1015625 0.12239583333333333 0.0458984375
6 0.24869791666666666 0.693359375 0.11979166666666667 0.044921875
0 0.6497395833333334 0.162109375 0.13151041666666666 0.04296875
0 0.5716145833333334 0.02001953125 0.11979166666666667 0.0400390625
0 0.6041666666666666 0.1484375 0.09765625 0.0380859375
4 0.91796875 0.7041015625 0.16276041666666666 0.087890625