2 0.5416666666666666 0.4970703125 0.21223958333333334 0.1123046875
2 0.059244791666666664 0.30810546875 0.11848958333333333 0.1123046875
2 0.8567708333333334 0.2626953125 0.1015625 0.0869140625
2 0.2265625 0.228515625 0.07552083333333333 0.05859375
2 0.6158854166666666 0.203125 0.033854166666666664 0.0517578125
2 0.3880208333333333 0.2294921875 0.055989583333333336 0.0498046875
2 0.59765625 0.2158203125 0.04296875 0.044921875
2 0.5533854166666666 0.2265625 0.04296875 0.041015625
2 0.46875 0.23046875 0.06640625 0.041015625
2 0.69140625 0.2216796875 0.01953125 0.0361328125
2 0.3216145833333333 0.232421875 0.0546875 0.03515625
2 0.7513020833333334 0.212890625 0.024739583333333332 0.0302734375
2 0.7200520833333334 0.2119140625 0.028645833333333332 0.029296875
2 0.921875 0.212890625 0.022135416666666668 0.0263671875
2 0.7864583333333334 0.224609375 0.033854166666666664 0.025390625
2 0.9856770833333334 0.228515625 0.024739583333333332 0.0205078125