0 0.83203125 0.7434895833333334 0.017578125 0.0546875
0 0.5341796875 0.4205729166666667 0.0146484375 0.046875
0 0.5771484375 0.7890625 0.0302734375 0.041666666666666664
0 0.833984375 0.8763020833333334 0.01171875 0.041666666666666664
0 0.6708984375 0.2916666666666667 0.0234375 0.041666666666666664
0 0.630859375 0.8033854166666666 0.0185546875 0.041666666666666664
0 0.607421875 0.296875 0.0244140625 0.041666666666666664
0 0.6103515625 0.8515625 0.015625 0.037760416666666664
0 0.60546875 0.4075520833333333 0.01953125 0.036458333333333336
0 0.5732421875 0.2942708333333333 0.033203125 0.03515625
0 0.2666015625 0.3333333333333333 0.0517578125 0.03515625
0 0.75390625 0.8723958333333334 0.03125 0.032552083333333336
0 0.5224609375 0.3763020833333333 0.0205078125 0.032552083333333336
0 0.7666015625 0.8151041666666666 0.048828125 0.032552083333333336
0 0.3564453125 0.3216145833333333 0.015625 0.029947916666666668
0 0.5673828125 0.3580729166666667 0.0166015625 0.029947916666666668
0 0.8779296875 0.5963541666666666 0.0322265625 0.029947916666666668
0 0.4638671875 0.22786458333333334 0.0244140625 0.029947916666666668
0 0.8671875 0.7408854166666666 0.041015625 0.02734375
0 0.84375 0.9075520833333334 0.0166015625 0.024739583333333332
4 0.541015625 0.13802083333333334 0.0654296875 0.024739583333333332
0 0.767578125 0.7981770833333334 0.021484375 0.022135416666666668
0 0.8154296875 0.5078125 0.0224609375 0.020833333333333332
0 0.03125 0.3658854166666667 0.0185546875 0.020833333333333332
0 0.0673828125 0.38671875 0.015625 0.01953125
0 0.4931640625 0.4244791666666667 0.0302734375 0.01953125
0 0.560546875 0.4440104166666667 0.0078125 0.01953125
0 0.033203125 0.45703125 0.0361328125 0.018229166666666668
0 0.7646484375 0.5130208333333334 0.017578125 0.018229166666666668
0 0.814453125 0.9010416666666666 0.025390625 0.018229166666666668
0 0.4609375 0.4674479166666667 0.0283203125 0.018229166666666668
0 0.51953125 0.4088541666666667 0.0205078125 0.018229166666666668
0 0.6689453125 0.5 0.0185546875 0.018229166666666668
0 0.849609375 0.5182291666666666 0.0234375 0.018229166666666668
0 0.5458984375 0.5078125 0.0205078125 0.016927083333333332
0 0.0322265625 0.4778645833333333 0.0341796875 0.016927083333333332
0 0.6728515625 0.4036458333333333 0.0126953125 0.016927083333333332
0 0.3623046875 0.22526041666666666 0.0400390625 0.016927083333333332
0 0.46484375 0.44140625 0.015625 0.015625
0 0.3125 0.1953125 0.013671875 0.014322916666666666
0 0.400390625 0.19661458333333334 0.01171875 0.014322916666666666
0 0.69921875 0.5182291666666666 0.0146484375 0.013020833333333334
0 0.3095703125 0.3385416666666667 0.017578125 0.013020833333333334
0 0.42578125 0.2760416666666667 0.015625 0.010416666666666666
0 0.3408203125 0.2421875 0.009765625 0.009114583333333334