0 0.4326171875 0.2591145833333333 0.107421875 0.1875
0 0.73046875 0.3216145833333333 0.1708984375 0.17317708333333334
0 0.45703125 0.8958333333333334 0.107421875 0.17057291666666666
0 0.0400390625 0.15364583333333334 0.0703125 0.15755208333333334
0 0.4091796875 0.4557291666666667 0.0712890625 0.13671875
0 0.6630859375 0.9049479166666666 0.099609375 0.10416666666666667
0 0.3564453125 0.8723958333333334 0.1611328125 0.1015625
0 0.134765625 0.9479166666666666 0.08203125 0.1015625
0 0.1884765625 0.9296875 0.0625 0.1015625
0 0.0546875 0.7161458333333334 0.0419921875 0.09244791666666667
0 0.326171875 0.4231770833333333 0.0458984375 0.08203125
0 0.0673828125 0.3984375 0.046875 0.06380208333333333
0 0.06787109375 0.027994791666666668 0.0498046875 0.055989583333333336