3 0.5807291666666666 0.322265625 0.059895833333333336 0.08984375
3 0.5130208333333334 0.328125 0.055989583333333336 0.0859375
3 0.9114583333333334 0.220703125 0.07552083333333333 0.0810546875
3 0.4244791666666667 0.3271484375 0.0546875 0.0771484375
3 0.375 0.544921875 0.2708333333333333 0.07421875
3 0.5924479166666666 0.2041015625 0.028645833333333332 0.0634765625
3 0.4752604166666667 0.2216796875 0.04296875 0.0625
3 0.14583333333333334 0.2919921875 0.078125 0.0556640625
3 0.55078125 0.2041015625 0.053385416666666664 0.0556640625
3 0.36328125 0.34375 0.0625 0.05078125
3 0.7721354166666666 0.0498046875 0.049479166666666664 0.0419921875
3 0.10677083333333333 0.3623046875 0.07552083333333333 0.0517578125