1 0.6484375 0.5634765625 0.2942708333333333 0.142578125
1 0.109375 0.830078125 0.21875 0.126953125
1 0.015625 0.234375 0.03125 0.123046875
1 0.8619791666666666 0.5595703125 0.2591145833333333 0.10546875
1 0.171875 0.5771484375 0.2864583333333333 0.103515625
1 0.07486979166666667 0.74365234375 0.14973958333333334 0.1044921875
1 0.6080729166666666 0.7958984375 0.17317708333333334 0.08984375
1 0.026692708333333332 0.54443359375 0.053385416666666664 0.0869140625
1 0.4205729166666667 0.810546875 0.14973958333333334 0.0595703125
1 0.3294270833333333 0.662109375 0.13802083333333334 0.0517578125
1 0.4908854166666667 0.791015625 0.11458333333333333 0.048828125
1 0.3815104166666667 0.78515625 0.08723958333333333 0.0478515625
1 0.06315104166666667 0.95947265625 0.12630208333333334 0.0791015625