0 0.6770833333333334 0.1015625 0.32421875 0.1259765625
4 0.5638020833333334 0.4228515625 0.3854166666666667 0.1103515625
0 0.08658854166666667 0.18603515625 0.17317708333333334 0.0810546875
0 0.10221354166666667 0.26708984375 0.20442708333333334 0.0791015625
4 0.28125 0.591796875 0.17838541666666666 0.0654296875
0 0.9388020833333334 0.2119140625 0.12109375 0.05859375
0 0.2552083333333333 0.6767578125 0.10026041666666667 0.0546875
4 0.51171875 0.6865234375 0.05859375 0.03515625
0 0.7018229166666666 0.4609375 0.048177083333333336 0.03125
0 0.5182291666666666 0.3369140625 0.06770833333333333 0.0283203125
6 0.0546875 0.7685546875 0.10416666666666667 0.02734375
0 0.2747395833333333 0.5029296875 0.09505208333333333 0.025390625
0 0.6419270833333334 0.525390625 0.037760416666666664 0.0244140625
0 0.3684895833333333 0.4482421875 0.06901041666666667 0.0244140625
0 0.5885416666666666 0.44140625 0.08203125 0.0234375
0 0.7395833333333334 0.564453125 0.03125 0.01953125
0 0.6627604166666666 0.5419921875 0.037760416666666664 0.0185546875
0 0.7018229166666666 0.5673828125 0.029947916666666668 0.017578125
0 0.6171875 0.5224609375 0.006510416666666667 0.017578125
0 0.62890625 0.568359375 0.0234375 0.01171875
0 0.63671875 0.5478515625 0.020833333333333332 0.0107421875
0 0.6901041666666666 0.55859375 0.026041666666666668 0.0087890625
0 0.5885416666666666 0.568359375 0.020833333333333332 0.0087890625