6 0.3251953125 0.6171875 0.279296875 0.29296875
0 0.927734375 0.08463541666666667 0.041015625 0.0859375
0 0.7255859375 0.8333333333333334 0.029296875 0.0625
0 0.2060546875 0.07161458333333333 0.029296875 0.053385416666666664
0 0.2490234375 0.09635416666666667 0.02734375 0.052083333333333336
0 0.9775390625 0.41015625 0.0107421875 0.04296875
0 0.359375 0.033854166666666664 0.068359375 0.041666666666666664
0 0.3271484375 0.3658854166666667 0.01953125 0.0390625
0 0.9912109375 0.08463541666666667 0.0146484375 0.037760416666666664
0 0.15234375 0.08463541666666667 0.03515625 0.032552083333333336
0 0.341796875 0.015625 0.0576171875 0.03125
0 0.2099609375 0.13020833333333334 0.0166015625 0.03125
0 0.974609375 0.5299479166666666 0.04296875 0.024739583333333332
0 0.423828125 0.20963541666666666 0.0576171875 0.024739583333333332
0 0.8486328125 0.2760416666666667 0.0556640625 0.022135416666666668
0 0.376953125 0.1796875 0.025390625 0.020833333333333332
0 0.3642578125 0.14192708333333334 0.0234375 0.020833333333333332
0 0.40625 0.1171875 0.0556640625 0.018229166666666668
0 0.552734375 0.4270833333333333 0.0361328125 0.016927083333333332
0 0.123046875 0.16927083333333334 0.0322265625 0.014322916666666666
0 0.5244140625 0.2786458333333333 0.015625 0.014322916666666666