6 0.4765625 0.15885416666666666 0.0908203125 0.20182291666666666
0 0.9609375 0.3385416666666667 0.076171875 0.11458333333333333
0 0.72265625 0.3268229166666667 0.021484375 0.08463541666666667
0 0.3095703125 0.3346354166666667 0.021484375 0.078125
0 0.57421875 0.203125 0.01953125 0.06510416666666667
0 0.2587890625 0.78515625 0.029296875 0.05078125
0 0.951171875 0.4453125 0.0126953125 0.049479166666666664
0 0.5927734375 0.8854166666666666 0.0185546875 0.0390625
0 0.2138671875 0.8580729166666666 0.029296875 0.037760416666666664
0 0.7919921875 0.8932291666666666 0.0146484375 0.03515625
0 0.7607421875 0.5325520833333334 0.0322265625 0.033854166666666664
0 0.9541015625 0.8880208333333334 0.0185546875 0.033854166666666664
0 0.8857421875 0.9440104166666666 0.017578125 0.032552083333333336
0 0.5625 0.3971354166666667 0.0107421875 0.032552083333333336
0 0.828125 0.8671875 0.0146484375 0.03125
0 0.408203125 0.3072916666666667 0.005859375 0.024739583333333332
0 0.5078125 0.3268229166666667 0.013671875 0.0234375
0 0.626953125 0.80859375 0.01171875 0.018229166666666668
0 0.5537109375 0.34375 0.009765625 0.016927083333333332
0 0.611328125 0.87890625 0.015625 0.016927083333333332
0 0.42578125 0.3854166666666667 0.0087890625 0.009114583333333334
6 0.3037109375 0.48046875 0.06640625 0.20833333333333334