4 0.5677083333333334 0.626953125 0.65234375 0.2353515625
4 0.5911458333333334 0.369140625 0.6744791666666666 0.203125
0 0.73828125 0.83984375 0.19921875 0.0986328125
0 0.7109375 0.607421875 0.10416666666666667 0.0693359375
0 0.19140625 0.208984375 0.19010416666666666 0.0615234375
4 0.4166666666666667 0.478515625 0.11197916666666667 0.0595703125
0 0.049479166666666664 0.22265625 0.09895833333333333 0.0556640625
0 0.55078125 0.275390625 0.171875 0.0556640625
0 0.2903645833333333 0.21484375 0.10286458333333333 0.0517578125
0 0.9505208333333334 0.2919921875 0.09635416666666667 0.05078125
0 0.48046875 0.2197265625 0.15755208333333334 0.05078125
0 0.59765625 0.21875 0.11067708333333333 0.0478515625
0 0.375 0.255859375 0.18359375 0.0478515625
0 0.6380208333333334 0.2626953125 0.1171875 0.0419921875
0 0.040364583333333336 0.2470703125 0.08072916666666667 0.041015625
0 0.44140625 0.1884765625 0.14713541666666666 0.0400390625
0 0.12760416666666666 0.119140625 0.12890625 0.0390625
0 0.6692708333333334 0.349609375 0.15234375 0.0380859375