4 0.3450520833333333 0.5751953125 0.1875 0.130859375
4 0.5143229166666666 0.5302734375 0.19921875 0.080078125
0 0.19791666666666666 0.2001953125 0.19140625 0.078125
0 0.9440104166666666 0.2158203125 0.11067708333333333 0.0771484375
0 0.36328125 0.2265625 0.16927083333333334 0.0673828125
0 0.09765625 0.3388671875 0.1953125 0.06640625
0 0.061197916666666664 0.2841796875 0.12239583333333333 0.056640625
0 0.5091145833333334 0.3203125 0.17578125 0.0546875
0 0.6692708333333334 0.3046875 0.16145833333333334 0.0537109375
0 0.2747395833333333 0.310546875 0.17447916666666666 0.0517578125
0 0.81640625 0.2900390625 0.12890625 0.0498046875
0 0.9596354166666666 0.2705078125 0.078125 0.04296875
4 0.80859375 0.396484375 0.23828125 0.041015625
0 0.8580729166666666 0.30859375 0.11848958333333333 0.0380859375
0 0.74609375 0.2275390625 0.11848958333333333 0.037109375
0 0.3216145833333333 0.2705078125 0.15755208333333334 0.033203125
0 0.68359375 0.759765625 0.16276041666666666 0.0849609375