1 0.3107638888888889 0.283203125 0.09722222222222222 0.064453125
1 0.3975694444444444 0.3427734375 0.10069444444444445 0.0546875
1 0.7135416666666666 0.3037109375 0.11284722222222222 0.048828125
1 0.6927083333333334 0.68359375 0.08333333333333333 0.0458984375
1 0.6510416666666666 0.365234375 0.12152777777777778 0.044921875
1 0.16145833333333334 0.4599609375 0.0798611111111111 0.044921875
1 0.5243055555555556 0.095703125 0.10416666666666667 0.0439453125
1 0.9357638888888888 0.1806640625 0.11805555555555555 0.04296875
1 0.11979166666666667 0.3193359375 0.08680555555555555 0.04296875
1 0.6163194444444444 0.2978515625 0.06597222222222222 0.0419921875
1 0.84375 0.65625 0.06770833333333333 0.0419921875
1 0.8072916666666666 0.8037109375 0.09027777777777778 0.041015625
1 0.1111111111111111 0.603515625 0.0954861111111111 0.0390625
1 0.1111111111111111 0.5537109375 0.0920138888888889 0.037109375
1 0.2777777777777778 0.95703125 0.05555555555555555 0.0361328125
1 0.4600694444444444 0.8681640625 0.0625 0.03515625
1 0.3715277777777778 0.220703125 0.0798611111111111 0.0341796875
1 0.9444444444444444 0.720703125 0.036458333333333336 0.0341796875
1 0.8993055555555556 0.7607421875 0.043402777777777776 0.0341796875
1 0.9861111111111112 0.21484375 0.022569444444444444 0.0341796875
1 0.9305555555555556 0.3095703125 0.06944444444444445 0.033203125
1 0.3958333333333333 0.5107421875 0.07291666666666667 0.029296875
1 0.5694444444444444 0.4287109375 0.078125 0.029296875
1 0.5642361111111112 0.9853515625 0.08680555555555555 0.02734375
1 0.06944444444444445 0.40625 0.10416666666666667 0.0244140625
1 0.4513888888888889 0.0068359375 0.0798611111111111 0.013671875