0 0.17838541666666666 0.8408203125 0.1484375 0.095703125
4 0.3216145833333333 0.4150390625 0.1640625 0.072265625
0 0.3736979166666667 0.0673828125 0.10416666666666667 0.0673828125
0 0.046875 0.1708984375 0.08984375 0.0654296875
4 0.4036458333333333 0.5693359375 0.1953125 0.05859375
4 0.7604166666666666 0.4609375 0.23046875 0.05859375
0 0.4479166666666667 0.0673828125 0.13671875 0.0576171875
0 0.4244791666666667 0.47265625 0.15494791666666666 0.056640625
0 0.078125 0.5791015625 0.15625 0.0537109375
0 0.4518229166666667 0.21484375 0.11458333333333333 0.04296875
0 0.043619791666666664 0.40625 0.08723958333333333 0.04296875
0 0.375 0.1884765625 0.10286458333333333 0.03515625
0 0.4583333333333333 0.01953125 0.13411458333333334 0.0341796875
0 0.98046875 0.302734375 0.037760416666666664 0.0712890625