0 0.6002604166666666 0.2587890625 0.4388020833333333 0.2216796875
4 0.3001302083333333 0.07763671875 0.6002604166666666 0.1552734375
0 0.4466145833333333 0.3671875 0.08984375 0.0859375
0 0.2513020833333333 0.837890625 0.1796875 0.0693359375
4 0.5598958333333334 0.69921875 0.17057291666666666 0.0625
4 0.4713541666666667 0.650390625 0.12890625 0.060546875
0 0.3203125 0.4287109375 0.1328125 0.052734375
0 0.3177083333333333 0.4677734375 0.0625 0.0517578125
0 0.34375 0.3857421875 0.109375 0.048828125
0 0.4075520833333333 0.478515625 0.09114583333333333 0.0478515625
0 0.0390625 0.4453125 0.078125 0.0439453125
0 0.03515625 0.54296875 0.0703125 0.0439453125
0 0.049479166666666664 0.62109375 0.09895833333333333 0.0439453125
0 0.2265625 0.4189453125 0.10026041666666667 0.04296875
0 0.11588541666666667 0.44921875 0.11588541666666667 0.0419921875
0 0.16927083333333334 0.515625 0.09505208333333333 0.0419921875
0 0.2109375 0.455078125 0.08984375 0.0390625
0 0.4674479166666667 0.431640625 0.11067708333333333 0.03515625
0 0.3203125 0.49609375 0.07421875 0.033203125