4 0.8333333333333334 0.404296875 0.3098958333333333 0.08203125
0 0.34375 0.8759765625 0.1171875 0.08203125
0 0.059895833333333336 0.3212890625 0.11979166666666667 0.078125
4 0.4830729166666667 0.6025390625 0.24088541666666666 0.0673828125
0 0.3268229166666667 0.349609375 0.1796875 0.06640625
4 0.8190104166666666 0.5703125 0.21614583333333334 0.0625
4 0.9518229166666666 0.7138671875 0.09505208333333333 0.052734375
0 0.4153645833333333 0.4013671875 0.15234375 0.0498046875
0 0.06640625 0.462890625 0.1328125 0.048828125
0 0.25 0.38671875 0.1796875 0.0478515625
0 0.045572916666666664 0.421875 0.08984375 0.044921875
0 0.38671875 0.544921875 0.18229166666666666 0.044921875
0 0.3880208333333333 0.470703125 0.14583333333333334 0.0439453125
0 0.4635416666666667 0.4326171875 0.13541666666666666 0.04296875
0 0.3489583333333333 0.421875 0.12630208333333334 0.0400390625
0 0.18880208333333334 0.4228515625 0.13932291666666666 0.037109375
0 0.50390625 0.4599609375 0.12630208333333334 0.037109375
0 0.14583333333333334 0.447265625 0.08723958333333333 0.0322265625