0 0.9384765625 0.65625 0.1181640625 0.14713541666666666
0 0.95703125 0.4934895833333333 0.0830078125 0.16536458333333334
0 0.8076171875 0.328125 0.052734375 0.12760416666666666
0 0.6806640625 0.48046875 0.1162109375 0.10807291666666667
0 0.7431640625 0.5481770833333334 0.1728515625 0.12369791666666667
0 0.4814453125 0.4583333333333333 0.123046875 0.13020833333333334
0 0.5478515625 0.22395833333333334 0.1171875 0.13411458333333334
0 0.580078125 0.19401041666666666 0.060546875 0.0546875
0 0.3193359375 0.15234375 0.1123046875 0.05859375
0 0.3173828125 0.51171875 0.11328125 0.14322916666666666
0 0.091796875 0.3841145833333333 0.0732421875 0.08984375
0 0.1171875 0.2734375 0.064453125 0.09505208333333333
0 0.0859375 0.20572916666666666 0.056640625 0.07161458333333333
0 0.728515625 0.15234375 0.0908203125 0.048177083333333336
0 0.068359375 0.03125 0.0634765625 0.0390625