4 0.146484375 0.7526041666666666 0.0380859375 0.22265625
0 0.541015625 0.6002604166666666 0.08984375 0.15494791666666666
0 0.7109375 0.6315104166666666 0.0498046875 0.09114583333333333
0 0.240234375 0.09244791666666667 0.0244140625 0.08463541666666667
0 0.2177734375 0.10807291666666667 0.0234375 0.08333333333333333
0 0.3974609375 0.109375 0.02734375 0.078125
0 0.1982421875 0.055989583333333336 0.02734375 0.07421875
0 0.44140625 0.08203125 0.015625 0.06640625
0 0.3876953125 0.9713541666666666 0.0205078125 0.055989583333333336
0 0.8759765625 0.4609375 0.033203125 0.049479166666666664
0 0.818359375 0.6588541666666666 0.0205078125 0.049479166666666664
0 0.7099609375 0.71875 0.029296875 0.037760416666666664
0 0.0576171875 0.23046875 0.0126953125 0.036458333333333336
0 0.619140625 0.76171875 0.0478515625 0.032552083333333336
0 0.5205078125 0.2552083333333333 0.0126953125 0.02734375
0 0.3125 0.7369791666666666 0.02734375 0.026041666666666668
0 0.033203125 0.23046875 0.0107421875 0.024739583333333332
0 0.15234375 0.2838541666666667 0.0166015625 0.018229166666666668
0 0.3671875 0.4778645833333333 0.02734375 0.018229166666666668
0 0.09765625 0.2669270833333333 0.0185546875 0.018229166666666668
0 0.7060546875 0.7552083333333334 0.041015625 0.014322916666666666
0 0.6455078125 0.4322916666666667 0.029296875 0.036458333333333336