2 0.5234375 0.53515625 0.109375 0.0966796875
2 0.6458333333333334 0.458984375 0.057291666666666664 0.078125
2 0.8190104166666666 0.4609375 0.07291666666666667 0.072265625
2 0.578125 0.4619140625 0.037760416666666664 0.0673828125
2 0.3854166666666667 0.4296875 0.03515625 0.0556640625
2 0.26171875 0.4365234375 0.044270833333333336 0.0517578125
2 0.0546875 0.4345703125 0.03125 0.0517578125
2 0.41796875 0.427734375 0.036458333333333336 0.0439453125
2 0.2890625 0.40234375 0.036458333333333336 0.0439453125
2 0.09375 0.42578125 0.03515625 0.04296875
2 0.84375 0.4306640625 0.037760416666666664 0.0419921875
2 0.8684895833333334 0.4384765625 0.018229166666666668 0.0380859375
2 0.234375 0.42578125 0.02734375 0.0361328125
2 0.328125 0.4287109375 0.03125 0.033203125
2 0.13541666666666666 0.4248046875 0.01953125 0.0322265625
2 0.6901041666666666 0.427734375 0.0234375 0.0263671875
2 0.5611979166666666 0.4228515625 0.037760416666666664 0.037109375