1 0.7291666666666666 0.240234375 0.2170138888888889 0.123046875
1 0.6545138888888888 0.3603515625 0.19618055555555555 0.091796875
1 0.796875 0.6064453125 0.1232638888888889 0.0771484375
1 0.9600694444444444 0.75 0.07465277777777778 0.0703125
1 0.4496527777777778 0.701171875 0.1267361111111111 0.0654296875
1 0.8038194444444444 0.96875 0.18229166666666666 0.0595703125
1 0.1267361111111111 0.7763671875 0.06076388888888889 0.056640625
1 0.3506944444444444 0.4677734375 0.11979166666666667 0.0556640625
1 0.4947916666666667 0.373046875 0.09375 0.048828125
1 0.5451388888888888 0.716796875 0.078125 0.0439453125
1 0.22743055555555555 0.0205078125 0.19791666666666666 0.041015625
1 0.11805555555555555 0.49609375 0.07291666666666667 0.0400390625
1 0.8836805555555556 0.8359375 0.07465277777777778 0.0390625
1 0.03298611111111111 0.400390625 0.043402777777777776 0.0341796875
1 0.9826388888888888 0.64453125 0.03125 0.03125
1 0.703125 0.4638671875 0.08854166666666667 0.0302734375
1 0.796875 0.3671875 0.050347222222222224 0.029296875
1 0.8107638888888888 0.771484375 0.05555555555555555 0.02734375
1 0.2725694444444444 0.6181640625 0.07118055555555555 0.0234375
1 0.3177083333333333 0.9423828125 0.10069444444444445 0.0595703125