1 0.8177083333333334 0.658203125 0.20052083333333334 0.1103515625
1 0.5768229166666666 0.5966796875 0.26953125 0.1015625
1 0.17708333333333334 0.7490234375 0.10807291666666667 0.080078125
1 0.3971354166666667 0.640625 0.18880208333333334 0.0791015625
1 0.3424479166666667 0.826171875 0.12630208333333334 0.072265625
1 0.33984375 0.6064453125 0.23177083333333334 0.0673828125
1 0.2903645833333333 0.732421875 0.10807291666666667 0.0595703125
1 0.71875 0.4775390625 0.15234375 0.05078125
1 0.9557291666666666 0.5322265625 0.07421875 0.041015625
1 0.86328125 0.33984375 0.08854166666666667 0.03515625
1 0.053385416666666664 0.65625 0.10677083333333333 0.0322265625
1 0.94921875 0.6923828125 0.08463541666666667 0.0283203125
1 0.17057291666666666 0.6748046875 0.16276041666666666 0.0478515625