0 0.21419270833333334 0.22119140625 0.4283854166666667 0.2412109375
4 0.7265625 0.66015625 0.41015625 0.2353515625
0 0.453125 0.4228515625 0.3997395833333333 0.1728515625
0 0.21354166666666666 0.0693359375 0.12369791666666667 0.138671875
0 0.9518229166666666 0.3876953125 0.09375 0.1181640625
0 0.01953125 0.55078125 0.0390625 0.115234375
0 0.18098958333333334 0.3837890625 0.10546875 0.103515625
4 0.3072916666666667 0.75390625 0.22395833333333334 0.08984375
0 0.041015625 0.40283203125 0.08203125 0.0771484375
0 0.059895833333333336 0.2646484375 0.11979166666666667 0.06640625
0 0.056640625 0.5166015625 0.11328125 0.0625