0 0.4365234375 0.4088541666666667 0.08203125 0.049479166666666664
0 0.4189453125 0.5338541666666666 0.068359375 0.053385416666666664
0 0.4658203125 0.6041666666666666 0.0869140625 0.059895833333333336
0 0.7587890625 0.6640625 0.1298828125 0.06640625
0 0.744140625 0.5625 0.109375 0.07552083333333333
0 0.7255859375 0.58203125 0.1015625 0.07682291666666667
0 0.5087890625 0.7265625 0.0859375 0.04296875
0 0.7275390625 0.90234375 0.126953125 0.10286458333333333
0 0.115234375 0.4479166666666667 0.2216796875 0.16536458333333334
0 0.1533203125 0.3463541666666667 0.2001953125 0.11848958333333333
0 0.3388671875 0.515625 0.05859375 0.0546875
0 0.359375 0.62109375 0.0888671875 0.057291666666666664
0 0.5673828125 0.5065104166666666 0.08984375 0.055989583333333336
0 0.5927734375 0.4427083333333333 0.07421875 0.06380208333333333
0 0.9521484375 0.6354166666666666 0.09375 0.07161458333333333
0 0.5888671875 0.6002604166666666 0.0615234375 0.03515625
0 0.45703125 0.4700520833333333 0.07421875 0.05859375
0 0.6875 0.5247395833333334 0.0830078125 0.041666666666666664
0 0.328125 0.6002604166666666 0.0546875 0.04296875
0 0.2373046875 0.5703125 0.1015625 0.05078125
0 0.3212890625 0.5325520833333334 0.06640625 0.048177083333333336
0 0.3828125 0.4127604166666667 0.0595703125 0.04296875
0 0.134765625 0.2604166666666667 0.041015625 0.07291666666666667
0 0.3525390625 0.31640625 0.1767578125 0.08723958333333333
0 0.6845703125 0.3528645833333333 0.03125 0.036458333333333336
0 0.2412109375 0.46875 0.07421875 0.03125
0 0.8662109375 0.8125 0.0341796875 0.08333333333333333
0 0.8271484375 0.8333333333333334 0.0341796875 0.07682291666666667
0 0.783203125 0.9427083333333334 0.08203125 0.0546875
0 0.2626953125 0.3697916666666667 0.0517578125 0.049479166666666664
0 0.22265625 0.3854166666666667 0.06640625 0.036458333333333336
0 0.9287109375 0.6588541666666666 0.0458984375 0.05078125
0 0.96484375 0.75 0.0390625 0.055989583333333336
0 0.53125 0.4622395833333333 0.025390625 0.026041666666666668
0 0.5693359375 0.4934895833333333 0.0498046875 0.03515625
0 0.6845703125 0.5065104166666666 0.0859375 0.1015625
0 0.2734375 0.6380208333333334 0.0595703125 0.044270833333333336
0 0.484375 0.26171875 0.0322265625 0.036458333333333336
0 0.45703125 0.265625 0.0302734375 0.022135416666666668
0 0.4501953125 0.2955729166666667 0.0361328125 0.036458333333333336