2 0.5520833333333334 0.5595703125 0.11588541666666667 0.09765625
2 0.8138020833333334 0.474609375 0.06380208333333333 0.087890625
2 0.4192708333333333 0.5205078125 0.06901041666666667 0.0830078125
2 0.6354166666666666 0.5107421875 0.032552083333333336 0.0673828125
2 0.7395833333333334 0.470703125 0.059895833333333336 0.0615234375
2 0.6822916666666666 0.4853515625 0.041666666666666664 0.0517578125
2 0.057291666666666664 0.54296875 0.07682291666666667 0.0419921875
2 0.2604166666666667 0.54296875 0.0390625 0.037109375
2 0.9192708333333334 0.490234375 0.02734375 0.0341796875
2 0.09765625 0.4833984375 0.03515625 0.033203125
2 0.96875 0.4990234375 0.037760416666666664 0.03125
2 0.9778645833333334 0.44921875 0.0234375 0.025390625
2 0.18489583333333334 0.4990234375 0.018229166666666668 0.0224609375