0 0.248046875 0.23177083333333334 0.03125 0.07161458333333333
0 0.2177734375 0.18229166666666666 0.0244140625 0.05078125
0 0.6083984375 0.5260416666666666 0.0234375 0.049479166666666664
0 0.78125 0.5091145833333334 0.0380859375 0.07161458333333333
0 0.8232421875 0.6471354166666666 0.033203125 0.07161458333333333
0 0.8896484375 0.3671875 0.0283203125 0.033854166666666664
0 0.984375 0.4635416666666667 0.0283203125 0.19010416666666666
0 0.2646484375 0.8828125 0.0419921875 0.16145833333333334
0 0.2041015625 0.9544270833333334 0.0283203125 0.078125
0 0.3125 0.140625 0.0205078125 0.06510416666666667
0 0.3486328125 0.13541666666666666 0.01953125 0.059895833333333336
0 0.51953125 0.5481770833333334 0.025390625 0.057291666666666664
0 0.2998046875 0.44140625 0.021484375 0.06901041666666667
0 0.3046875 0.053385416666666664 0.0234375 0.048177083333333336
0 0.2099609375 0.4049479166666667 0.0185546875 0.06380208333333333
0 0.2109375 0.3541666666666667 0.0302734375 0.024739583333333332
0 0.2353515625 0.4830729166666667 0.0166015625 0.045572916666666664
0 0.2724609375 0.5247395833333334 0.0205078125 0.057291666666666664
0 0.1982421875 0.5052083333333334 0.0224609375 0.053385416666666664