0 0.8424479166666666 0.1083984375 0.2604166666666667 0.1435546875
6 0.7330729166666666 0.6748046875 0.2265625 0.111328125
4 0.7044270833333334 0.4951171875 0.3033854166666667 0.1064453125
4 0.4557291666666667 0.548828125 0.08072916666666667 0.08984375
0 0.9205729166666666 0.2353515625 0.15625 0.08203125
4 0.09114583333333333 0.4697265625 0.18229166666666666 0.0732421875
0 0.3684895833333333 0.7646484375 0.125 0.0703125
0 0.37109375 0.7041015625 0.11197916666666667 0.0625
4 0.60546875 0.47265625 0.18098958333333334 0.0546875
0 0.4921875 0.3125 0.12109375 0.046875
0 0.66015625 0.3310546875 0.13671875 0.0458984375
0 0.84765625 0.3544921875 0.13020833333333334 0.044921875
0 0.7513020833333334 0.341796875 0.14583333333333334 0.0419921875
0 0.5481770833333334 0.37890625 0.10416666666666667 0.041015625
0 0.7265625 0.0693359375 0.140625 0.0400390625
0 0.7838541666666666 0.37890625 0.11848958333333333 0.03125
0 0.67578125 0.3779296875 0.12369791666666667 0.04296875