0 0.529296875 0.22005208333333334 0.083984375 0.15625
0 0.5869140625 0.22786458333333334 0.06640625 0.15234375
0 0.6845703125 0.4114583333333333 0.0966796875 0.14453125
0 0.48291015625 0.07096354166666667 0.0947265625 0.14192708333333334
0 0.0263671875 0.6588541666666666 0.0400390625 0.1328125
0 0.591796875 0.79296875 0.10546875 0.13020833333333334
0 0.5341796875 0.5078125 0.083984375 0.12369791666666667
0 0.814453125 0.3984375 0.056640625 0.12369791666666667
0 0.57421875 0.421875 0.0703125 0.12239583333333333
0 0.3583984375 0.7825520833333334 0.04296875 0.11979166666666667
0 0.47265625 0.23567708333333334 0.0576171875 0.11979166666666667
0 0.654296875 0.296875 0.0693359375 0.11979166666666667
0 0.619140625 0.3736979166666667 0.08984375 0.1171875
0 0.279296875 0.6588541666666666 0.0380859375 0.11588541666666667
0 0.482421875 0.4401041666666667 0.0751953125 0.10286458333333333
0 0.2666015625 0.3606770833333333 0.0380859375 0.08984375
0 0.2275390625 0.5481770833333334 0.0302734375 0.08984375
0 0.3193359375 0.4153645833333333 0.02734375 0.08854166666666667
0 0.330078125 0.61328125 0.029296875 0.08854166666666667
0 0.14453125 0.5481770833333334 0.0263671875 0.08463541666666667
0 0.580078125 0.5390625 0.0732421875 0.08333333333333333
0 0.603515625 0.6197916666666666 0.05078125 0.08072916666666667
0 0.322265625 0.3033854166666667 0.03515625 0.078125
0 0.33984375 0.6953125 0.0283203125 0.07682291666666667
0 0.1650390625 0.4361979166666667 0.029296875 0.07421875
0 0.220703125 0.4401041666666667 0.0263671875 0.06901041666666667
0 0.447265625 0.16796875 0.0419921875 0.06510416666666667
0 0.3544921875 0.23958333333333334 0.0234375 0.0625
0 0.0537109375 0.5091145833333334 0.021484375 0.0625
0 0.302734375 0.5260416666666666 0.0244140625 0.05859375
0 0.33203125 0.53125 0.033203125 0.05859375
0 0.390625 0.31640625 0.0439453125 0.048177083333333336
0 0.4658203125 0.7044270833333334 0.01953125 0.046875
0 0.482421875 0.87109375 0.0205078125 0.045572916666666664
0 0.416015625 0.8763020833333334 0.0283203125 0.044270833333333336
0 0.4072265625 0.25 0.0322265625 0.04296875
0 0.2041015625 0.16015625 0.0185546875 0.04296875
0 0.5087890625 0.7408854166666666 0.017578125 0.04296875
0 0.1962890625 0.018880208333333332 0.0234375 0.037760416666666664
0 0.8115234375 0.6223958333333334 0.0517578125 0.037760416666666664
0 0.447265625 0.7421875 0.0087890625 0.036458333333333336
0 0.421875 0.8333333333333334 0.0166015625 0.033854166666666664
0 0.4609375 0.76953125 0.0126953125 0.032552083333333336
0 0.26953125 0.1953125 0.013671875 0.029947916666666668
0 0.2275390625 0.17317708333333334 0.0263671875 0.028645833333333332
0 0.2109375 0.11588541666666667 0.02734375 0.028645833333333332
0 0.21875 0.22005208333333334 0.0107421875 0.024739583333333332
0 0.4365234375 0.74609375 0.01171875 0.024739583333333332
0 0.1787109375 0.21875 0.0205078125 0.024739583333333332
0 0.263671875 0.078125 0.0166015625 0.0234375
0 0.2958984375 0.1484375 0.01953125 0.022135416666666668
0 0.3134765625 0.13671875 0.0126953125 0.018229166666666668
0 0.9423828125 0.7877604166666666 0.0009765625 0.0013020833333333333
6 0.3544921875 0.5299479166666666 0.06640625 0.31640625