6 0.046223958333333336 0.80224609375 0.09244791666666667 0.1044921875
6 0.6341145833333334 0.5205078125 0.23697916666666666 0.099609375
6 0.4114583333333333 0.513671875 0.19661458333333334 0.091796875
4 0.5065104166666666 0.1494140625 0.21484375 0.060546875
6 0.6705729166666666 0.4306640625 0.140625 0.056640625
4 0.3203125 0.236328125 0.15885416666666666 0.0498046875
4 0.8984375 0.2783203125 0.08333333333333333 0.048828125
0 0.6223958333333334 0.044921875 0.11067708333333333 0.0439453125
0 0.6497395833333334 0.029296875 0.10416666666666667 0.041015625
0 0.7161458333333334 0.0283203125 0.11067708333333333 0.0380859375
0 0.8255208333333334 0.0458984375 0.0859375 0.0380859375
0 0.3854166666666667 0.02734375 0.049479166666666664 0.037109375
0 0.7356770833333334 0.078125 0.06640625 0.0302734375
0 0.7838541666666666 0.0126953125 0.07552083333333333 0.025390625
4 0.69140625 0.203125 0.09895833333333333 0.04296875