0 0.734375 0.1611328125 0.13411458333333334 0.1650390625
0 0.6822916666666666 0.310546875 0.24739583333333334 0.109375
4 0.5299479166666666 0.544921875 0.3138020833333333 0.1064453125
0 0.8515625 0.45703125 0.06770833333333333 0.0810546875
0 0.1328125 0.3564453125 0.2109375 0.0751953125
0 0.9205729166666666 0.3935546875 0.15755208333333334 0.07421875
4 0.58984375 0.6357421875 0.22005208333333334 0.064453125
0 0.06315104166666667 0.46240234375 0.12630208333333334 0.0517578125
0 0.9518229166666666 0.4560546875 0.09375 0.05078125
0 0.3736979166666667 0.3876953125 0.15234375 0.0439453125
0 0.59765625 0.388671875 0.140625 0.04296875
0 0.7291666666666666 0.4423828125 0.14713541666666666 0.0419921875
0 0.8463541666666666 0.46484375 0.13020833333333334 0.0419921875
0 0.5703125 0.4462890625 0.13932291666666666 0.041015625
0 0.20963541666666666 0.4140625 0.15885416666666666 0.0400390625
0 0.19270833333333334 0.3935546875 0.11979166666666667 0.0390625
0 0.3098958333333333 0.412109375 0.11588541666666667 0.0380859375
0 0.015625 0.3798828125 0.03125 0.037109375
0 0.3880208333333333 0.228515625 0.3177083333333333 0.1181640625