0 0.8427734375 0.234375 0.0263671875 0.07421875
0 0.318359375 0.80078125 0.0791015625 0.07291666666666667
0 0.3173828125 0.26171875 0.0576171875 0.07161458333333333
0 0.0537109375 0.56640625 0.025390625 0.057291666666666664
0 0.3505859375 0.3658854166666667 0.05078125 0.049479166666666664
0 0.521484375 0.3020833333333333 0.0224609375 0.045572916666666664
0 0.7177734375 0.3359375 0.01171875 0.045572916666666664
0 0.28515625 0.18489583333333334 0.015625 0.04296875
0 0.76171875 0.21354166666666666 0.017578125 0.04296875
0 0.681640625 0.13802083333333334 0.0185546875 0.037760416666666664
0 0.6396484375 0.016927083333333332 0.025390625 0.033854166666666664
0 0.7763671875 0.2799479166666667 0.0283203125 0.029947916666666668
0 0.4609375 0.17447916666666666 0.046875 0.0234375
0 0.78125 0.4934895833333333 0.041015625 0.0234375
0 0.4853515625 0.2565104166666667 0.04296875 0.020833333333333332
0 0.724609375 0.41015625 0.0380859375 0.020833333333333332
0 0.1015625 0.19010416666666666 0.0263671875 0.020833333333333332
0 0.0830078125 0.15234375 0.0166015625 0.010416666666666666
6 0.38671875 0.6184895833333334 0.310546875 0.4583333333333333