4 0.2265625 0.2890625 0.0712890625 0.14973958333333334
4 0.50390625 0.12369791666666667 0.1083984375 0.08984375
4 0.3349609375 0.5625 0.087890625 0.07942708333333333
0 0.4482421875 0.7864583333333334 0.029296875 0.055989583333333336
0 0.265625 0.8971354166666666 0.025390625 0.052083333333333336
0 0.470703125 0.48828125 0.01953125 0.046875
0 0.6767578125 0.6744791666666666 0.013671875 0.041666666666666664
0 0.2841796875 0.6471354166666666 0.01953125 0.03515625
0 0.25390625 0.6158854166666666 0.017578125 0.028645833333333332
0 0.697265625 0.7591145833333334 0.013671875 0.026041666666666668
0 0.61328125 0.6901041666666666 0.0234375 0.024739583333333332
0 0.3916015625 0.8229166666666666 0.03125 0.024739583333333332
0 0.373046875 0.33984375 0.0087890625 0.024739583333333332
0 0.369140625 0.4270833333333333 0.0087890625 0.024739583333333332
0 0.310546875 0.6380208333333334 0.013671875 0.0234375
0 0.34765625 0.36328125 0.0107421875 0.016927083333333332
0 0.3720703125 0.2630208333333333 0.0107421875 0.015625
0 0.3076171875 0.8697916666666666 0.02734375 0.014322916666666666
0 0.197265625 0.19921875 0.005859375 0.010416666666666666
0 0.6318359375 0.67578125 0.0185546875 0.009114583333333334
4 0.5732421875 0.6458333333333334 0.0595703125 0.171875