0 0.84765625 0.091796875 0.3020833333333333 0.1748046875
0 0.7513020833333334 0.21484375 0.18880208333333334 0.1279296875
4 0.6588541666666666 0.4560546875 0.3463541666666667 0.1064453125
0 0.6106770833333334 0.212890625 0.12760416666666666 0.099609375
0 0.65625 0.8583984375 0.3059895833333333 0.099609375
0 0.5377604166666666 0.3095703125 0.048177083333333336 0.095703125
0 0.64453125 0.2998046875 0.037760416666666664 0.087890625
4 0.3203125 0.755859375 0.14453125 0.0830078125
4 0.3723958333333333 0.6162109375 0.24348958333333334 0.0810546875
4 0.47265625 0.5224609375 0.2421875 0.080078125
0 0.97265625 0.2734375 0.052083333333333336 0.0751953125
0 0.52734375 0.8193359375 0.21484375 0.0751953125
0 0.5416666666666666 0.4072265625 0.09505208333333333 0.0654296875
0 0.6041666666666666 0.3818359375 0.06770833333333333 0.0595703125
0 0.8177083333333334 0.4599609375 0.09375 0.0576171875
0 0.4322916666666667 0.380859375 0.09375 0.0498046875
0 0.6940104166666666 0.3798828125 0.17447916666666666 0.0498046875
0 0.5533854166666666 0.376953125 0.049479166666666664 0.0478515625
0 0.9466145833333334 0.4716796875 0.10286458333333333 0.037109375
0 0.6692708333333334 0.4267578125 0.061197916666666664 0.0302734375
0 0.7135416666666666 0.4140625 0.06901041666666667 0.029296875
0 0.7161458333333334 0.4404296875 0.06510416666666667 0.02734375
0 0.75 0.4599609375 0.059895833333333336 0.0263671875
0 0.7799479166666666 0.4833984375 0.052083333333333336 0.0263671875
0 0.8567708333333334 0.45703125 0.07942708333333333 0.0380859375