1 0.302734375 0.6875 0.126953125 0.21614583333333334
1 0.3212890625 0.12239583333333333 0.0703125 0.19921875
1 0.232421875 0.7799479166666666 0.1337890625 0.18619791666666666
1 0.6513671875 0.7552083333333334 0.0791015625 0.18098958333333334
1 0.216796875 0.4544270833333333 0.1259765625 0.17708333333333334
1 0.708984375 0.8567708333333334 0.0888671875 0.17578125
1 0.8037109375 0.5065104166666666 0.0986328125 0.17447916666666666
1 0.1396484375 0.5234375 0.1064453125 0.16276041666666666
1 0.3583984375 0.71875 0.0966796875 0.16015625
1 0.9775390625 0.6640625 0.04296875 0.16145833333333334
1 0.27734375 0.16276041666666666 0.0615234375 0.15494791666666666
1 0.5185546875 0.14322916666666666 0.0458984375 0.15364583333333334
1 0.6015625 0.4153645833333333 0.126953125 0.15234375
1 0.57421875 0.828125 0.0703125 0.15104166666666666
1 0.5654296875 0.22005208333333334 0.0478515625 0.14973958333333334
1 0.6240234375 0.5078125 0.1005859375 0.14973958333333334
1 0.4267578125 0.2682291666666667 0.11328125 0.14713541666666666
1 0.421875 0.19921875 0.0634765625 0.14322916666666666
1 0.70703125 0.4986979166666667 0.0947265625 0.13932291666666666
1 0.779296875 0.39453125 0.0703125 0.13932291666666666
1 0.845703125 0.3606770833333333 0.064453125 0.13802083333333334
1 0.8642578125 0.6705729166666666 0.0751953125 0.13802083333333334
1 0.1376953125 0.7395833333333334 0.1025390625 0.13671875
1 0.49609375 0.6510416666666666 0.1044921875 0.13671875
1 0.3271484375 0.890625 0.083984375 0.13671875
1 0.08203125 0.06770833333333333 0.146484375 0.13411458333333334
1 0.3984375 0.6106770833333334 0.083984375 0.13151041666666666
1 0.3544921875 0.4205729166666667 0.1484375 0.12369791666666667
1 0.7412109375 0.11979166666666667 0.091796875 0.12239583333333333
1 0.779296875 0.2669270833333333 0.0966796875 0.12109375
1 0.6962890625 0.69140625 0.0478515625 0.11848958333333333
1 0.501953125 0.4830729166666667 0.0771484375 0.11458333333333333
1 0.62109375 0.28125 0.052734375 0.11458333333333333
1 0.5859375 0.0546875 0.0615234375 0.10807291666666667
1 0.498046875 0.053385416666666664 0.0537109375 0.10546875
1 0.6875 0.4153645833333333 0.0693359375 0.10546875
1 0.341796875 0.9466145833333334 0.115234375 0.10416666666666667
1 0.2587890625 0.53515625 0.0732421875 0.10416666666666667
1 0.89453125 0.3932291666666667 0.044921875 0.10416666666666667
1 0.85546875 0.7942708333333334 0.0888671875 0.1015625
1 0.7509765625 0.3541666666666667 0.041015625 0.09635416666666667
1 0.423828125 0.4934895833333333 0.0576171875 0.08984375
1 0.89453125 0.3229166666666667 0.0576171875 0.08984375
1 0.341796875 0.5013020833333334 0.0810546875 0.0859375
1 0.7705078125 0.044270833333333336 0.0859375 0.0859375
1 0.2265625 0.18619791666666666 0.07421875 0.08463541666666667
1 0.244140625 0.3619791666666667 0.0595703125 0.08072916666666667
1 0.3466796875 0.3385416666666667 0.0791015625 0.07942708333333333
1 0.6669921875 0.6197916666666666 0.0537109375 0.07421875
1 0.630859375 0.7356770833333334 0.0927734375 0.07161458333333333
1 0.560546875 0.9375 0.0478515625 0.07161458333333333
1 0.513671875 0.3893229166666667 0.08984375 0.0703125
1 0.36328125 0.8268229166666666 0.1015625 0.06770833333333333
1 0.671875 0.3463541666666667 0.041015625 0.06380208333333333
1 0.9287109375 0.66015625 0.0615234375 0.059895833333333336
1 0.212890625 0.546875 0.029296875 0.053385416666666664