0 0.20052083333333334 0.888671875 0.23046875 0.2080078125
0 0.4791666666666667 0.8671875 0.23307291666666666 0.1904296875
0 0.6953125 0.6689453125 0.4205729166666667 0.185546875
0 0.6223958333333334 0.115234375 0.3138020833333333 0.16796875
0 0.5052083333333334 0.8486328125 0.24739583333333334 0.166015625
0 0.9127604166666666 0.5498046875 0.17317708333333334 0.1435546875
0 0.2708333333333333 0.515625 0.21354166666666666 0.12890625
0 0.85546875 0.30859375 0.2864583333333333 0.126953125
0 0.4505208333333333 0.69140625 0.109375 0.1171875
0 0.34375 0.38671875 0.19270833333333334 0.111328125
0 0.20442708333333334 0.380859375 0.19140625 0.107421875
0 0.055989583333333336 0.7578125 0.11197916666666667 0.1025390625
0 0.4036458333333333 0.3583984375 0.2604166666666667 0.1005859375
0 0.91796875 0.1884765625 0.16276041666666666 0.1015625
0 0.8059895833333334 0.361328125 0.296875 0.09765625
0 0.1328125 0.7353515625 0.12109375 0.095703125
0 0.5572916666666666 0.7705078125 0.3984375 0.0947265625
0 0.7565104166666666 0.953125 0.22135416666666666 0.091796875
0 0.5221354166666666 0.2587890625 0.22005208333333334 0.0908203125
0 0.2669270833333333 0.6513671875 0.1796875 0.08984375
0 0.96484375 0.8125 0.06901041666666667 0.0888671875
0 0.045572916666666664 0.1533203125 0.09114583333333333 0.0859375
0 0.5169270833333334 0.541015625 0.23828125 0.078125
0 0.3658854166666667 0.3017578125 0.23307291666666666 0.0751953125
0 0.8190104166666666 0.037109375 0.359375 0.072265625
0 0.12109375 0.5537109375 0.16145833333333334 0.06640625
0 0.015625 0.837890625 0.03125 0.0634765625
0 0.08072916666666667 0.2626953125 0.05078125 0.0625
0 0.045572916666666664 0.421875 0.09114583333333333 0.0615234375
0 0.11328125 0.5048828125 0.15104166666666666 0.060546875
0 0.14453125 0.3505859375 0.13020833333333334 0.0576171875
0 0.50390625 0.0380859375 0.22005208333333334 0.0537109375
0 0.05078125 0.578125 0.10026041666666667 0.048828125
0 0.021484375 0.01904296875 0.04296875 0.0380859375
0 0.2643229166666667 0.015625 0.07942708333333333 0.03125
0 0.22526041666666666 0.1533203125 0.23697916666666666 0.0849609375