0 0.8567708333333334 0.1142578125 0.22786458333333334 0.2265625
0 0.2890625 0.076171875 0.2760416666666667 0.15234375
0 0.4798177083333333 0.06396484375 0.10026041666666667 0.1279296875
4 0.6302083333333334 0.525390625 0.15234375 0.115234375
0 0.4427083333333333 0.2783203125 0.08984375 0.1005859375
4 0.14713541666666666 0.525390625 0.11197916666666667 0.083984375
4 0.515625 0.65625 0.12760416666666666 0.0830078125
0 0.11458333333333333 0.458984375 0.08463541666666667 0.076171875
0 0.2864583333333333 0.3916015625 0.05859375 0.07421875
0 0.22786458333333334 0.443359375 0.08333333333333333 0.06640625
0 0.6822916666666666 0.365234375 0.15885416666666666 0.0654296875
0 0.024739583333333332 0.5810546875 0.049479166666666664 0.0654296875
0 0.3372395833333333 0.3203125 0.12890625 0.0654296875
0 0.3229166666666667 0.44921875 0.05859375 0.0654296875
0 0.22005208333333334 0.3837890625 0.12630208333333334 0.0517578125
0 0.021484375 0.619140625 0.04296875 0.05078125
0 0.068359375 0.4169921875 0.13671875 0.05078125
0 0.546875 0.2783203125 0.09505208333333333 0.048828125
0 0.055989583333333336 0.453125 0.11197916666666667 0.048828125
0 0.5065104166666666 0.3115234375 0.07942708333333333 0.0478515625
0 0.3190104166666667 0.384765625 0.06380208333333333 0.04296875
0 0.5625 0.3701171875 0.11979166666666667 0.078125