0 0.57421875 0.3876953125 0.8489583333333334 0.578125
0 0.4453125 0.4794921875 0.6627604166666666 0.3896484375
0 0.6080729166666666 0.7373046875 0.16015625 0.1748046875
0 0.8619791666666666 0.3759765625 0.2747395833333333 0.14453125
0 0.044270833333333336 0.6572265625 0.07421875 0.1142578125
4 0.5078125 0.81640625 0.12890625 0.0966796875
0 0.1015625 0.7734375 0.0546875 0.095703125
0 0.421875 0.6611328125 0.05078125 0.09375
0 0.9713541666666666 0.3173828125 0.0546875 0.08984375
0 0.4205729166666667 0.703125 0.09505208333333333 0.0791015625
0 0.18229166666666666 0.7734375 0.09114583333333333 0.060546875
0 0.18880208333333334 0.7275390625 0.0859375 0.0595703125
0 0.6471354166666666 0.640625 0.12630208333333334 0.0478515625
0 0.012369791666666666 0.759765625 0.024739583333333332 0.044921875
0 0.79296875 0.19140625 0.4127604166666667 0.2197265625