6 0.4453125 0.7021484375 0.19791666666666666 0.0908203125
0 0.3385416666666667 0.0966796875 0.07291666666666667 0.0771484375
4 0.3776041666666667 0.2236328125 0.16927083333333334 0.0546875
0 0.2838541666666667 0.2099609375 0.059895833333333336 0.0537109375
4 0.7734375 0.3115234375 0.05859375 0.044921875
0 0.047526041666666664 0.10888671875 0.09505208333333333 0.0439453125
4 0.24609375 0.1513671875 0.17317708333333334 0.041015625
0 0.013020833333333334 0.130859375 0.026041666666666668 0.041015625
0 0.09765625 0.1435546875 0.10026041666666667 0.0400390625
4 0.703125 0.3408203125 0.07291666666666667 0.0400390625
4 0.5572916666666666 0.3447265625 0.055989583333333336 0.0390625
6 0.81640625 0.51953125 0.11458333333333333 0.0380859375
4 0.5078125 0.478515625 0.19140625 0.03515625
0 0.14713541666666666 0.2001953125 0.09114583333333333 0.03515625
0 0.6432291666666666 0.189453125 0.09895833333333333 0.03125
0 0.5078125 0.2109375 0.0859375 0.029296875
0 0.3346354166666667 0.2119140625 0.06640625 0.02734375
0 0.24609375 0.1845703125 0.08723958333333333 0.0263671875
0 0.5651041666666666 0.26171875 0.078125 0.0263671875
4 0.3385416666666667 0.427734375 0.1015625 0.025390625
0 0.6875 0.244140625 0.08463541666666667 0.025390625
0 0.7278645833333334 0.1953125 0.0859375 0.0244140625
0 0.7760416666666666 0.2158203125 0.09635416666666667 0.0244140625
0 0.5208333333333334 0.2412109375 0.07942708333333333 0.0244140625
0 0.3736979166666667 0.1875 0.06770833333333333 0.0224609375
0 0.59765625 0.2373046875 0.05859375 0.021484375
0 0.8372395833333334 0.208984375 0.0703125 0.021484375
0 0.609375 0.228515625 0.059895833333333336 0.021484375
0 0.7708333333333334 0.2353515625 0.08072916666666667 0.0205078125
0 0.6393229166666666 0.2138671875 0.06770833333333333 0.0205078125
0 0.8736979166666666 0.34765625 0.032552083333333336 0.0166015625
0 0.8359375 0.3427734375 0.01171875 0.01171875
0 0.9140625 0.34765625 0.010416666666666666 0.0107421875