0 0.3697916666666667 0.591796875 0.3055555555555556 0.1484375
0 0.5902777777777778 0.5546875 0.2847222222222222 0.1376953125
0 0.53125 0.330078125 0.1579861111111111 0.1298828125
0 0.5729166666666666 0.427734375 0.1875 0.1259765625
0 0.8368055555555556 0.619140625 0.18229166666666666 0.1181640625
0 0.09375 0.513671875 0.1840277777777778 0.115234375
0 0.3072916666666667 0.4638671875 0.11979166666666667 0.1103515625
0 0.3767361111111111 0.39453125 0.1527777777777778 0.1025390625
0 0.8506944444444444 0.369140625 0.1684027777777778 0.1025390625
0 0.7447916666666666 0.3486328125 0.13194444444444445 0.1005859375
0 0.1423611111111111 0.431640625 0.1579861111111111 0.099609375
0 0.8055555555555556 0.46484375 0.2204861111111111 0.0947265625
0 0.9392361111111112 0.35546875 0.11805555555555555 0.0908203125
0 0.8541666666666666 0.52734375 0.19618055555555555 0.087890625
0 0.2916666666666667 0.3056640625 0.09895833333333333 0.0869140625
0 0.6059027777777778 0.3076171875 0.13368055555555555 0.0869140625
4 0.0954861111111111 0.1494140625 0.1909722222222222 0.072265625
0 0.4461805555555556 0.0986328125 0.08680555555555555 0.0390625
0 0.8923611111111112 0.0673828125 0.09027777777777778 0.033203125
0 0.6579861111111112 0.08984375 0.04513888888888889 0.0234375