4 0.25 0.0546875 0.30859375 0.1064453125
4 0.059895833333333336 0.1435546875 0.11848958333333333 0.1064453125
4 0.23828125 0.39453125 0.17057291666666666 0.080078125
4 0.5403645833333334 0.26171875 0.12369791666666667 0.0751953125
4 0.8294270833333334 0.359375 0.2526041666666667 0.068359375
0 0.22395833333333334 0.083984375 0.12630208333333334 0.05078125
0 0.58203125 0.1064453125 0.09635416666666667 0.0478515625
0 0.875 0.1171875 0.078125 0.04296875
0 0.4114583333333333 0.201171875 0.1171875 0.0400390625
0 0.7239583333333334 0.1591796875 0.08984375 0.0390625
0 0.9583333333333334 0.24609375 0.08072916666666667 0.0390625
0 0.28125 0.1435546875 0.13802083333333334 0.037109375
0 0.4348958333333333 0.1845703125 0.11458333333333333 0.0361328125
0 0.68359375 0.1865234375 0.10026041666666667 0.03515625
0 0.6575520833333334 0.1552734375 0.11979166666666667 0.03515625
0 0.8541666666666666 0.1796875 0.09114583333333333 0.03515625
0 0.26171875 0.1513671875 0.11979166666666667 0.03515625
0 0.7708333333333334 0.169921875 0.06510416666666667 0.0341796875
0 0.6588541666666666 0.1416015625 0.08854166666666667 0.0322265625
6 0.54296875 0.4970703125 0.09375 0.0322265625
0 0.9361979166666666 0.15234375 0.08333333333333333 0.0322265625
0 0.7122395833333334 0.4453125 0.08723958333333333 0.03125
0 0.59375 0.1357421875 0.08072916666666667 0.03125
0 0.81640625 0.138671875 0.08723958333333333 0.0302734375
0 0.8033854166666666 0.4375 0.07291666666666667 0.0244140625