1 0.11197916666666667 0.1591796875 0.15625 0.1220703125
1 0.140625 0.705078125 0.140625 0.1162109375
1 0.8033854166666666 0.478515625 0.13932291666666666 0.1025390625
1 0.07942708333333333 0.419921875 0.14322916666666666 0.091796875
1 0.4270833333333333 0.7021484375 0.16276041666666666 0.0869140625
1 0.2669270833333333 0.8583984375 0.08723958333333333 0.0869140625
1 0.1171875 0.494140625 0.13802083333333334 0.0810546875
1 0.41796875 0.53125 0.11848958333333333 0.080078125
1 0.9205729166666666 0.2841796875 0.1484375 0.0791015625
1 0.4609375 0.8662109375 0.13411458333333334 0.0712890625
1 0.6002604166666666 0.9287109375 0.10807291666666667 0.0673828125
1 0.14453125 0.916015625 0.14453125 0.06640625
1 0.5182291666666666 0.529296875 0.13932291666666666 0.0615234375
1 0.31640625 0.5546875 0.13151041666666666 0.05078125
1 0.6276041666666666 0.5400390625 0.11588541666666667 0.044921875