0 0.7903645833333334 0.0498046875 0.19661458333333334 0.099609375
0 0.5065104166666666 0.6669921875 0.22265625 0.0908203125
0 0.9375 0.0576171875 0.12239583333333333 0.0908203125
0 0.11197916666666667 0.10546875 0.19401041666666666 0.08984375
0 0.0703125 0.7822265625 0.140625 0.087890625
0 0.8619791666666666 0.19921875 0.2734375 0.0849609375
0 0.9192708333333334 0.9521484375 0.15885416666666666 0.0849609375
0 0.6171875 0.9580078125 0.18489583333333334 0.08203125
0 0.75 0.892578125 0.16276041666666666 0.0791015625
0 0.5416666666666666 0.0947265625 0.29296875 0.076171875
0 0.3020833333333333 0.5966796875 0.18098958333333334 0.076171875
0 0.91015625 0.7861328125 0.17708333333333334 0.0751953125
0 0.7174479166666666 0.4091796875 0.2526041666666667 0.0751953125
0 0.41015625 0.5791015625 0.2565104166666667 0.0751953125
0 0.18880208333333334 0.205078125 0.24609375 0.07421875
0 0.7565104166666666 0.306640625 0.22395833333333334 0.07421875
0 0.9205729166666666 0.599609375 0.15755208333333334 0.0732421875
0 0.5729166666666666 0.7529296875 0.2265625 0.0732421875
0 0.9309895833333334 0.85546875 0.13671875 0.0732421875
0 0.6510416666666666 0.66796875 0.15625 0.0732421875
0 0.04296875 0.87109375 0.0859375 0.0712890625
0 0.8776041666666666 0.7001953125 0.21744791666666666 0.0712890625
0 0.3229166666666667 0.94140625 0.17317708333333334 0.0703125
0 0.5208333333333334 0.783203125 0.20572916666666666 0.0693359375
0 0.4609375 0.38671875 0.22005208333333334 0.06640625
0 0.87109375 0.6298828125 0.20963541666666666 0.0654296875
0 0.671875 0.314453125 0.14713541666666666 0.064453125
0 0.6263020833333334 0.6064453125 0.18098958333333334 0.064453125
0 0.5104166666666666 0.8603515625 0.16796875 0.0634765625
0 0.7916666666666666 0.4482421875 0.22526041666666666 0.0634765625
0 0.73046875 0.80859375 0.17708333333333334 0.0634765625
0 0.6223958333333334 0.03125 0.1640625 0.0625
0 0.040364583333333336 0.18359375 0.08072916666666667 0.0625
0 0.63671875 0.22265625 0.22526041666666666 0.0595703125
0 0.064453125 0.36572265625 0.12890625 0.0615234375
0 0.27734375 0.2626953125 0.19010416666666666 0.05859375
0 0.171875 0.384765625 0.1484375 0.05859375
0 0.6015625 0.1826171875 0.20052083333333334 0.05859375
0 0.765625 0.5419921875 0.2864583333333333 0.0576171875
0 0.4153645833333333 0.44921875 0.16927083333333334 0.056640625
0 0.37109375 0.8203125 0.21223958333333334 0.0556640625
0 0.4778645833333333 0.31640625 0.22526041666666666 0.0556640625
0 0.024739583333333332 0.2685546875 0.049479166666666664 0.0546875
0 0.23958333333333334 0.888671875 0.15625 0.0546875
0 0.17447916666666666 0.333984375 0.21223958333333334 0.0537109375
0 0.19010416666666666 0.4912109375 0.2760416666666667 0.05078125
0 0.9401041666666666 0.44921875 0.11848958333333333 0.05078125
0 0.484375 0.96875 0.1328125 0.0498046875
0 0.07877604166666667 0.5966796875 0.15755208333333334 0.05078125
0 0.19921875 0.7197265625 0.20442708333333334 0.048828125
0 0.0390625 0.4375 0.078125 0.0458984375
0 0.76171875 0.4921875 0.2109375 0.0458984375
0 0.94921875 0.4169921875 0.10026041666666667 0.0439453125
0 0.26171875 0.46484375 0.18489583333333334 0.041015625
0 0.9466145833333334 0.671875 0.10416666666666667 0.0634765625