0 0.8854166666666666 0.60546875 0.11979166666666667 0.076171875
0 0.9670138888888888 0.5458984375 0.0625 0.072265625
0 0.6805555555555556 0.60546875 0.125 0.052734375
0 0.7829861111111112 0.23046875 0.11979166666666667 0.05078125
0 0.7256944444444444 0.1787109375 0.1440972222222222 0.05078125
0 0.9305555555555556 0.279296875 0.13368055555555555 0.046875
0 0.4444444444444444 0.4521484375 0.078125 0.033203125
0 0.5416666666666666 0.484375 0.0798611111111111 0.0263671875
0 0.4600694444444444 0.416015625 0.06076388888888889 0.0234375
0 0.5607638888888888 0.4033203125 0.03298611111111111 0.0078125
6 0.4114583333333333 0.37890625 0.3993055555555556 0.087890625