4 0.5 0.4677734375 0.15104166666666666 0.1484375
0 0.2779947916666667 0.06103515625 0.42578125 0.1220703125
0 0.10026041666666667 0.205078125 0.11458333333333333 0.0849609375
4 0.18229166666666666 0.474609375 0.09244791666666667 0.052734375
0 0.2981770833333333 0.7080078125 0.08203125 0.05078125
0 0.12760416666666666 0.4140625 0.026041666666666668 0.0419921875
0 0.06770833333333333 0.541015625 0.045572916666666664 0.0400390625
4 0.3697916666666667 0.6015625 0.0859375 0.0400390625
0 0.5611979166666666 0.26953125 0.049479166666666664 0.037109375
4 0.515625 0.6826171875 0.053385416666666664 0.0361328125
0 0.06380208333333333 0.4443359375 0.07552083333333333 0.0341796875
6 0.06510416666666667 0.7724609375 0.11328125 0.0341796875
0 0.5989583333333334 0.5751953125 0.0859375 0.0302734375
0 0.23046875 0.427734375 0.08984375 0.029296875
0 0.34375 0.412109375 0.08854166666666667 0.029296875
0 0.6184895833333334 0.4365234375 0.0859375 0.029296875
0 0.5299479166666666 0.5244140625 0.0625 0.0283203125
0 0.6666666666666666 0.466796875 0.08723958333333333 0.02734375
0 0.40625 0.4462890625 0.08723958333333333 0.0263671875
0 0.2877604166666667 0.4755859375 0.08463541666666667 0.025390625
0 0.19661458333333334 0.416015625 0.08463541666666667 0.025390625
0 0.28515625 0.458984375 0.046875 0.025390625
0 0.6731770833333334 0.435546875 0.08072916666666667 0.0244140625
0 0.46484375 0.4296875 0.06770833333333333 0.0244140625
0 0.69921875 0.53515625 0.029947916666666668 0.0234375
0 0.69921875 0.55078125 0.014322916666666666 0.013671875
0 0.6588541666666666 0.5556640625 0.02734375 0.0107421875
0 0.6783854166666666 0.578125 0.013020833333333334 0.009765625
0 0.74609375 0.5576171875 0.022135416666666668 0.0087890625
0 0.6692708333333334 0.5654296875 0.014322916666666666 0.0087890625