3 0.7096354166666666 0.56640625 0.31640625 0.123046875
3 0.6640625 0.298828125 0.13671875 0.0966796875
3 0.8346354166666666 0.296875 0.08072916666666667 0.0849609375
3 0.8932291666666666 0.2900390625 0.0625 0.083984375
3 0.7408854166666666 0.291015625 0.044270833333333336 0.0703125
3 0.16796875 0.2861328125 0.0625 0.068359375
3 0.4934895833333333 0.25390625 0.057291666666666664 0.0673828125
3 0.9049479166666666 0.15234375 0.06510416666666667 0.064453125
3 0.9609375 0.1640625 0.0625 0.060546875
3 0.2604166666666667 0.2890625 0.040364583333333336 0.0595703125
3 0.3190104166666667 0.28125 0.06901041666666667 0.0546875
3 0.13020833333333334 0.3330078125 0.08984375 0.037109375