6 0.3837890625 0.43359375 0.0556640625 0.14453125
4 0.37109375 0.625 0.0400390625 0.13020833333333334
0 0.6748046875 0.79296875 0.0146484375 0.10286458333333333
0 0.615234375 0.86328125 0.017578125 0.1015625
0 0.4951171875 0.6848958333333334 0.025390625 0.09114583333333333
0 0.5087890625 0.4361979166666667 0.0224609375 0.06380208333333333
0 0.43359375 0.7005208333333334 0.0107421875 0.04296875
0 0.458984375 0.6015625 0.01171875 0.037760416666666664
0 0.533203125 0.7682291666666666 0.029296875 0.028645833333333332
0 0.560546875 0.7473958333333334 0.0166015625 0.024739583333333332
0 0.3486328125 0.8645833333333334 0.005859375 0.022135416666666668
0 0.330078125 0.890625 0.009765625 0.020833333333333332
0 0.5869140625 0.9453125 0.015625 0.01953125
0 0.259765625 0.7395833333333334 0.005859375 0.018229166666666668
0 0.4892578125 0.5807291666666666 0.013671875 0.016927083333333332
0 0.3203125 0.86328125 0.0068359375 0.016927083333333332
0 0.48046875 0.4283854166666667 0.0205078125 0.015625
0 0.271484375 0.7018229166666666 0.00390625 0.013020833333333334
0 0.3583984375 0.8229166666666666 0.009765625 0.010416666666666666
0 0.37890625 0.8502604166666666 0.0087890625 0.009114583333333334