4 0.09375 0.427734375 0.15104166666666666 0.1201171875
0 0.6041666666666666 0.04833984375 0.06770833333333333 0.0966796875
0 0.064453125 0.06884765625 0.12890625 0.0908203125
4 0.07421875 0.1484375 0.1484375 0.068359375
4 0.11848958333333333 0.25390625 0.1640625 0.0654296875
0 0.080078125 0.02783203125 0.16015625 0.0556640625
0 0.22135416666666666 0.17578125 0.08333333333333333 0.0498046875
0 0.4453125 0.609375 0.16276041666666666 0.044921875
4 0.9375 0.4677734375 0.12239583333333333 0.044921875
0 0.51953125 0.3076171875 0.09114583333333333 0.0400390625
0 0.6471354166666666 0.2392578125 0.05859375 0.0390625
0 0.3372395833333333 0.212890625 0.09505208333333333 0.037109375
0 0.3229166666666667 0.2548828125 0.08072916666666667 0.033203125
0 0.7447916666666666 0.265625 0.0625 0.033203125
0 0.5729166666666666 0.2861328125 0.09505208333333333 0.033203125
0 0.8736979166666666 0.2373046875 0.07291666666666667 0.0322265625
0 0.9127604166666666 0.296875 0.06380208333333333 0.03125
0 0.4231770833333333 0.25390625 0.09244791666666667 0.03125
6 0.6158854166666666 0.572265625 0.07942708333333333 0.03125
0 0.7330729166666666 0.26171875 0.0625 0.0302734375
0 0.7786458333333334 0.271484375 0.057291666666666664 0.0283203125
0 0.65625 0.5380859375 0.09114583333333333 0.02734375
0 0.7486979166666666 0.302734375 0.06640625 0.02734375
0 0.5651041666666666 0.5322265625 0.0625 0.025390625
0 0.96875 0.2666015625 0.059895833333333336 0.0244140625
0 0.8528645833333334 0.2861328125 0.0546875 0.0234375
0 0.8671875 0.263671875 0.06510416666666667 0.021484375
0 0.732421875 0.04052734375 0.14713541666666666 0.0810546875