1 0.3268229166666667 0.33203125 0.15755208333333334 0.1533203125
1 0.3177083333333333 0.76171875 0.21614583333333334 0.15234375
1 0.3958333333333333 0.5634765625 0.18489583333333334 0.1220703125
1 0.7526041666666666 0.548828125 0.2578125 0.109375
1 0.21744791666666666 0.443359375 0.18880208333333334 0.1005859375
1 0.5026041666666666 0.7958984375 0.19010416666666666 0.0888671875
1 0.8580729166666666 0.6162109375 0.15364583333333334 0.0654296875
1 0.18359375 0.73046875 0.09244791666666667 0.056640625
1 0.7486979166666666 0.859375 0.17057291666666666 0.056640625
1 0.5559895833333334 0.8935546875 0.11979166666666667 0.0546875
1 0.859375 0.810546875 0.12109375 0.052734375
1 0.7330729166666666 0.927734375 0.15755208333333334 0.046875
1 0.6236979166666666 0.751953125 0.19921875 0.04296875
1 0.93359375 0.59765625 0.13151041666666666 0.1181640625