2 0.34375 0.34765625 0.09635416666666667 0.1064453125
2 0.5286458333333334 0.51171875 0.17578125 0.078125
2 0.8984375 0.2666015625 0.059895833333333336 0.0556640625
2 0.6744791666666666 0.2734375 0.0546875 0.052734375
2 0.51953125 0.2763671875 0.06510416666666667 0.052734375
2 0.9166666666666666 0.2421875 0.029947916666666668 0.0458984375
2 0.7174479166666666 0.271484375 0.0390625 0.044921875
2 0.9934895833333334 0.26953125 0.010416666666666666 0.0419921875
2 0.9348958333333334 0.2783203125 0.045572916666666664 0.0400390625
2 0.84765625 0.2744140625 0.036458333333333336 0.0361328125
2 0.6328125 0.2666015625 0.020833333333333332 0.02734375
2 0.76953125 0.283203125 0.1171875 0.025390625
2 0.61328125 0.27734375 0.048177083333333336 0.017578125
2 0.9518229166666666 0.2822265625 0.044270833333333336 0.017578125
2 0.8893229166666666 0.2470703125 0.03125 0.015625