0 0.7213541666666666 0.1513671875 0.16015625 0.2109375
0 0.7721354166666666 0.3017578125 0.16145833333333334 0.125
0 0.8372395833333334 0.19921875 0.18229166666666666 0.125
0 0.8880208333333334 0.099609375 0.22265625 0.11328125
4 0.8971354166666666 0.4384765625 0.203125 0.1083984375
4 0.5078125 0.63671875 0.2552083333333333 0.099609375
0 0.81640625 0.8603515625 0.21744791666666666 0.09765625
0 0.5611979166666666 0.3125 0.05859375 0.087890625
0 0.9596354166666666 0.17578125 0.07942708333333333 0.0859375
4 0.5872395833333334 0.5361328125 0.17838541666666666 0.0830078125
0 0.5260416666666666 0.3505859375 0.07942708333333333 0.0810546875
0 0.7083333333333334 0.3193359375 0.17317708333333334 0.0810546875
4 0.40625 0.703125 0.125 0.0751953125
0 0.4049479166666667 0.765625 0.06901041666666667 0.0751953125
4 0.4401041666666667 0.4951171875 0.16145833333333334 0.0634765625
0 0.734375 0.427734375 0.06380208333333333 0.05859375
0 0.7955729166666666 0.412109375 0.09505208333333333 0.052734375
0 0.78515625 0.4267578125 0.07942708333333333 0.0439453125
0 0.6302083333333334 0.376953125 0.06640625 0.04296875
0 0.5638020833333334 0.40234375 0.09635416666666667 0.0419921875
0 0.6705729166666666 0.4208984375 0.09114583333333333 0.041015625
0 0.6979166666666666 0.3984375 0.05078125 0.03125