1 0.6979166666666666 0.2314453125 0.1171875 0.1025390625
1 0.5950520833333334 0.7373046875 0.07942708333333333 0.0986328125
1 0.7565104166666666 0.708984375 0.13671875 0.09765625
1 0.4856770833333333 0.84765625 0.13671875 0.0908203125
1 0.30078125 0.6279296875 0.12760416666666666 0.0673828125
1 0.7578125 0.5341796875 0.11197916666666667 0.0673828125
1 0.3580729166666667 0.822265625 0.11197916666666667 0.064453125
1 0.5807291666666666 0.4873046875 0.12760416666666666 0.0634765625
1 0.6236979166666666 0.455078125 0.13020833333333334 0.0634765625
1 0.6640625 0.533203125 0.10807291666666667 0.0625
1 0.8359375 0.5107421875 0.11458333333333333 0.0615234375
1 0.7408854166666666 0.8369140625 0.125 0.060546875
1 0.9479166666666666 0.8662109375 0.1015625 0.0576171875
1 0.4309895833333333 0.4423828125 0.1484375 0.056640625
1 0.95703125 0.5390625 0.08463541666666667 0.0537109375