4 0.6901041666666666 0.5888671875 0.6171875 0.46875
0 0.7356770833333334 0.3271484375 0.15494791666666666 0.0927734375
0 0.31640625 0.87109375 0.23958333333333334 0.0751953125
0 0.8736979166666666 0.9130859375 0.20963541666666666 0.0673828125
4 0.5677083333333334 0.6611328125 0.13671875 0.0615234375
0 0.2526041666666667 0.4677734375 0.20703125 0.0595703125
0 0.9427083333333334 0.3779296875 0.10807291666666667 0.0576171875
0 0.4166666666666667 0.5791015625 0.0546875 0.04296875
4 0.5338541666666666 0.7294921875 0.13802083333333334 0.04296875
0 0.09505208333333333 0.685546875 0.11328125 0.0380859375
0 0.140625 0.498046875 0.044270833333333336 0.0341796875
0 0.3854166666666667 0.568359375 0.09895833333333333 0.0341796875
0 0.21744791666666666 0.5869140625 0.1171875 0.0322265625
0 0.17578125 0.5625 0.11328125 0.0322265625
0 0.29296875 0.5361328125 0.09895833333333333 0.03125
0 0.4830729166666667 0.5625 0.07552083333333333 0.029296875
0 0.2604166666666667 0.5341796875 0.06901041666666667 0.0283203125
0 0.38671875 0.521484375 0.06770833333333333 0.0283203125
0 0.078125 0.5458984375 0.05078125 0.0263671875
0 0.5260416666666666 0.5439453125 0.10677083333333333 0.025390625
0 0.125 0.5439453125 0.057291666666666664 0.0244140625
0 0.2513020833333333 0.505859375 0.04296875 0.0234375
0 0.4114583333333333 0.5048828125 0.059895833333333336 0.021484375