0 0.4778645833333333 0.517578125 0.4830729166666667 0.330078125
0 0.39453125 0.1044921875 0.20833333333333334 0.208984375
0 0.87109375 0.716796875 0.16796875 0.185546875
0 0.8216145833333334 0.5654296875 0.13411458333333334 0.1435546875
0 0.9244791666666666 0.541015625 0.09244791666666667 0.1240234375
0 0.9205729166666666 0.4365234375 0.15755208333333334 0.1123046875
0 0.94921875 0.794921875 0.10026041666666667 0.0771484375
0 0.7877604166666666 0.916015625 0.0703125 0.0634765625
0 0.875 0.87109375 0.09765625 0.0615234375
0 0.2838541666666667 0.84765625 0.07682291666666667 0.0517578125
0 0.7434895833333334 0.7861328125 0.07421875 0.0517578125
0 0.6783854166666666 0.7783203125 0.049479166666666664 0.05078125
0 0.4830729166666667 0.9150390625 0.14453125 0.0498046875
0 0.4010416666666667 0.8447265625 0.09244791666666667 0.044921875
0 0.6380208333333334 0.8603515625 0.078125 0.0439453125
0 0.15755208333333334 0.9052734375 0.11458333333333333 0.04296875
0 0.035807291666666664 0.9248046875 0.07161458333333333 0.04296875
0 0.55078125 0.818359375 0.09505208333333333 0.0419921875
0 0.7682291666666666 0.7431640625 0.049479166666666664 0.0400390625
0 0.5130208333333334 0.8681640625 0.07161458333333333 0.0390625
0 0.20442708333333334 0.86328125 0.08463541666666667 0.037109375
0 0.6028645833333334 0.80078125 0.07552083333333333 0.0302734375
0 0.6966145833333334 0.8505859375 0.045572916666666664 0.0849609375