0 0.4348958333333333 0.0927734375 0.21744791666666666 0.185546875
0 0.047526041666666664 0.07666015625 0.09505208333333333 0.1533203125
0 0.4700520833333333 0.24609375 0.08984375 0.111328125
0 0.30078125 0.2568359375 0.11588541666666667 0.1103515625
0 0.50390625 0.2822265625 0.05859375 0.1044921875
0 0.71875 0.310546875 0.10546875 0.087890625
0 0.3658854166666667 0.5146484375 0.11588541666666667 0.0791015625
0 0.2721354166666667 0.3310546875 0.0859375 0.07421875
0 0.9114583333333334 0.037109375 0.12239583333333333 0.07421875
4 0.3528645833333333 0.6005859375 0.12760416666666666 0.0732421875
4 0.8515625 0.666015625 0.17317708333333334 0.068359375
0 0.3268229166666667 0.3603515625 0.08333333333333333 0.05859375
4 0.9192708333333334 0.4921875 0.10546875 0.0361328125
6 0.9075520833333334 0.833984375 0.10026041666666667 0.0302734375
0 0.8385416666666666 0.560546875 0.10807291666666667 0.0283203125
0 0.9778645833333334 0.7939453125 0.041666666666666664 0.041015625