1 0.5651041666666666 0.2255859375 0.2578125 0.189453125
1 0.3723958333333333 0.2314453125 0.171875 0.162109375
1 0.17838541666666666 0.90625 0.3203125 0.1572265625
1 0.09895833333333333 0.6376953125 0.1875 0.1396484375
1 0.33984375 0.61328125 0.24088541666666666 0.1259765625
1 0.17252604166666666 0.05810546875 0.3033854166666667 0.1162109375
1 0.3802083333333333 0.8076171875 0.20572916666666666 0.1162109375
1 0.7734375 0.677734375 0.23307291666666666 0.115234375
1 0.9713541666666666 0.7490234375 0.0546875 0.1044921875
1 0.9388020833333334 0.9072265625 0.11979166666666667 0.08203125
1 0.9661458333333334 0.6611328125 0.06510416666666667 0.0654296875