2 0.3385416666666667 0.4638671875 0.09114583333333333 0.1044921875
2 0.2994791666666667 0.4638671875 0.03515625 0.09375
2 0.7591145833333334 0.5224609375 0.0546875 0.0625
2 0.9205729166666666 0.537109375 0.09895833333333333 0.05859375
2 0.024739583333333332 0.51953125 0.049479166666666664 0.05859375
2 0.72265625 0.52734375 0.059895833333333336 0.048828125
2 0.5690104166666666 0.48828125 0.049479166666666664 0.048828125
2 0.5208333333333334 0.4970703125 0.05859375 0.046875
2 0.4609375 0.4853515625 0.049479166666666664 0.041015625
2 0.64453125 0.6494140625 0.18489583333333334 0.0341796875
2 0.07942708333333333 0.50390625 0.0234375 0.0283203125
2 0.05859375 0.5 0.01953125 0.0322265625