4 0.3098958333333333 0.4638671875 0.41015625 0.158203125
0 0.6119791666666666 0.7353515625 0.4479166666666667 0.134765625
0 0.9153645833333334 0.439453125 0.16666666666666666 0.0771484375
4 0.9348958333333334 0.806640625 0.12760416666666666 0.0712890625
0 0.6458333333333334 0.57421875 0.22135416666666666 0.0703125
0 0.7955729166666666 0.7998046875 0.15625 0.0703125
0 0.84765625 0.5966796875 0.13541666666666666 0.0654296875
0 0.84375 0.5244140625 0.11197916666666667 0.064453125
0 0.6966145833333334 0.6005859375 0.17838541666666666 0.0625
0 0.21875 0.97265625 0.24739583333333334 0.0537109375
0 0.47265625 0.619140625 0.07291666666666667 0.0458984375
0 0.2565104166666667 0.56640625 0.1484375 0.044921875
0 0.06510416666666667 0.8779296875 0.125 0.0419921875
0 0.5559895833333334 0.646484375 0.046875 0.0400390625
0 0.041666666666666664 0.6435546875 0.08333333333333333 0.0341796875
0 0.3294270833333333 0.5966796875 0.08984375 0.033203125
0 0.09244791666666667 0.6611328125 0.09895833333333333 0.033203125
6 0.051432291666666664 0.97802734375 0.10286458333333333 0.0439453125