4 0.8138020833333334 0.6533203125 0.2994791666666667 0.138671875
4 0.49609375 0.404296875 0.22135416666666666 0.12890625
4 0.4908854166666667 0.55078125 0.16015625 0.11328125
0 0.70703125 0.1552734375 0.17317708333333334 0.0712890625
0 0.2421875 0.1171875 0.15494791666666666 0.0634765625
4 0.4361979166666667 0.6376953125 0.234375 0.0517578125
0 0.21354166666666666 0.1708984375 0.15885416666666666 0.04296875
0 0.052083333333333336 0.1220703125 0.10416666666666667 0.0419921875
0 0.03515625 0.1962890625 0.0703125 0.0400390625
0 0.06770833333333333 0.11328125 0.13541666666666666 0.0283203125
0 0.055338541666666664 0.0673828125 0.11067708333333333 0.046875