4 0.4739583333333333 0.55859375 0.5130208333333334 0.16796875
0 0.7669270833333334 0.6826171875 0.1171875 0.072265625
0 0.65234375 0.642578125 0.21354166666666666 0.0712890625
0 0.5416666666666666 0.318359375 0.16536458333333334 0.0625
0 0.4231770833333333 0.3994140625 0.1484375 0.05859375
0 0.7421875 0.5830078125 0.13541666666666666 0.05859375
0 0.21223958333333334 0.390625 0.1796875 0.0576171875
0 0.7630208333333334 0.64453125 0.1015625 0.0576171875
0 0.765625 0.3173828125 0.16015625 0.0556640625
4 0.78125 0.4052734375 0.19791666666666666 0.0556640625
0 0.53125 0.416015625 0.12890625 0.0546875
0 0.546875 0.197265625 0.15755208333333334 0.048828125
0 0.6041666666666666 0.4296875 0.10026041666666667 0.0478515625
0 0.3854166666666667 0.3388671875 0.13802083333333334 0.046875
0 0.7565104166666666 0.1669921875 0.11588541666666667 0.046875
0 0.06770833333333333 0.814453125 0.10807291666666667 0.078125