4 0.13671875 0.7044270833333334 0.0673828125 0.2578125
0 0.642578125 0.7565104166666666 0.0390625 0.23697916666666666
0 0.6787109375 0.19140625 0.13671875 0.10416666666666667
0 0.8046875 0.59765625 0.01171875 0.10416666666666667
0 0.85546875 0.06770833333333333 0.1279296875 0.07421875
0 0.861328125 0.6145833333333334 0.04296875 0.05859375
0 0.6240234375 0.9270833333333334 0.0234375 0.05859375
0 0.896484375 0.69921875 0.0478515625 0.05859375
0 0.5927734375 0.19661458333333334 0.041015625 0.04296875
0 0.521484375 0.7838541666666666 0.0400390625 0.0390625
0 0.47265625 0.5455729166666666 0.037109375 0.032552083333333336
0 0.5048828125 0.5221354166666666 0.02734375 0.028645833333333332