1 0.5555555555555556 0.8759765625 0.1892361111111111 0.11328125
1 0.5902777777777778 0.345703125 0.1440972222222222 0.0849609375
1 0.7048611111111112 0.9453125 0.140625 0.0703125
1 0.8402777777777778 0.3291015625 0.109375 0.068359375
1 0.08333333333333333 0.49609375 0.09375 0.056640625
1 0.6284722222222222 0.2529296875 0.10243055555555555 0.05078125
1 0.6996527777777778 0.466796875 0.09722222222222222 0.0478515625
1 0.3559027777777778 0.8193359375 0.078125 0.046875
1 0.0234375 0.65869140625 0.046875 0.0458984375
1 0.4392361111111111 0.6337890625 0.0642361111111111 0.041015625
1 0.4739583333333333 0.0732421875 0.08680555555555555 0.0390625
1 0.041666666666666664 0.56640625 0.07291666666666667 0.03125
1 0.4114583333333333 0.19921875 0.059027777777777776 0.03125
1 0.03993055555555555 0.6015625 0.0642361111111111 0.02734375
1 0.1684027777777778 0.818359375 0.041666666666666664 0.0185546875
1 0.10243055555555555 0.671875 0.046875 0.017578125
1 0.5954861111111112 0.4169921875 0.057291666666666664 0.017578125
1 0.4913194444444444 0.724609375 0.03298611111111111 0.0166015625