4 0.9010416666666666 0.416015625 0.1953125 0.0859375
0 0.08528645833333333 0.34033203125 0.17057291666666666 0.0830078125
4 0.8450520833333334 0.59765625 0.2591145833333333 0.076171875
0 0.17838541666666666 0.8828125 0.078125 0.0732421875
4 0.15885416666666666 0.609375 0.18619791666666666 0.0712890625
0 0.2838541666666667 0.3896484375 0.17057291666666666 0.0517578125
0 0.3502604166666667 0.3701171875 0.1796875 0.05078125
0 0.48828125 0.490234375 0.10807291666666667 0.0458984375
0 0.3372395833333333 0.5498046875 0.17708333333333334 0.044921875
0 0.0625 0.4619140625 0.125 0.044921875
0 0.421875 0.423828125 0.14973958333333334 0.04296875
0 0.39453125 0.482421875 0.13411458333333334 0.04296875
0 0.24479166666666666 0.4326171875 0.12760416666666666 0.0361328125
0 0.17447916666666666 0.453125 0.109375 0.0361328125
0 0.484375 0.443359375 0.07942708333333333 0.03515625
0 0.015625 0.4130859375 0.03125 0.03125
4 0.6861979166666666 0.6904296875 0.28515625 0.1083984375