0 0.5625 0.16015625 0.1015625 0.1953125
0 0.1611328125 0.171875 0.033203125 0.09114583333333333
0 0.3046875 0.053385416666666664 0.0361328125 0.08203125
0 0.369140625 0.234375 0.0556640625 0.07291666666666667
0 0.5341796875 0.6341145833333334 0.044921875 0.06380208333333333
0 0.5478515625 0.03515625 0.068359375 0.0625
0 0.32421875 0.5989583333333334 0.05859375 0.059895833333333336
0 0.4267578125 0.27734375 0.025390625 0.0546875
0 0.2734375 0.0546875 0.02734375 0.052083333333333336
0 0.244140625 0.27734375 0.0224609375 0.045572916666666664
0 0.240234375 0.052083333333333336 0.0263671875 0.044270833333333336
0 0.21484375 0.020833333333333332 0.03515625 0.041666666666666664
0 0.4755859375 0.3072916666666667 0.0244140625 0.041666666666666664
0 0.4287109375 0.4075520833333333 0.0556640625 0.041666666666666664
0 0.2900390625 0.23828125 0.0263671875 0.040364583333333336
0 0.1767578125 0.2760416666666667 0.0244140625 0.037760416666666664
0 0.3408203125 0.5364583333333334 0.03125 0.03515625
0 0.3017578125 0.6875 0.041015625 0.0390625