4 0.5498046875 0.4674479166666667 0.0458984375 0.2109375
4 0.2861328125 0.21614583333333334 0.0703125 0.12630208333333334
4 0.611328125 0.10546875 0.1162109375 0.08984375
4 0.396484375 0.48046875 0.0810546875 0.08333333333333333
4 0.2861328125 0.5338541666666666 0.0625 0.06770833333333333
0 0.39453125 0.9205729166666666 0.0166015625 0.0625
0 0.458984375 0.8736979166666666 0.025390625 0.057291666666666664
0 0.3564453125 0.8736979166666666 0.0244140625 0.0546875
0 0.328125 0.7096354166666666 0.01171875 0.053385416666666664
0 0.482421875 0.5638020833333334 0.0166015625 0.052083333333333336
0 0.2763671875 0.7669270833333334 0.0185546875 0.05078125
0 0.634765625 0.859375 0.0224609375 0.04296875
0 0.3583984375 0.9609375 0.015625 0.02734375
0 0.5712890625 0.6276041666666666 0.0107421875 0.02734375
0 0.5908203125 0.6315104166666666 0.013671875 0.0234375
0 0.5849609375 0.58984375 0.0126953125 0.0234375
0 0.3154296875 0.7408854166666666 0.009765625 0.020833333333333332
0 0.376953125 0.2786458333333333 0.0078125 0.020833333333333332
0 0.34765625 0.3763020833333333 0.01171875 0.01953125
0 0.361328125 0.4348958333333333 0.0087890625 0.013020833333333334
0 0.373046875 0.4453125 0.009765625 0.01171875
0 0.2939453125 0.3658854166666667 0.0107421875 0.010416666666666666
0 0.353515625 0.7630208333333334 0.01953125 0.055989583333333336