0 0.0341796875 0.22135416666666666 0.0224609375 0.0234375
0 0.0947265625 0.23307291666666666 0.021484375 0.0234375
0 0.20703125 0.3190104166666667 0.04296875 0.09505208333333333
0 0.2548828125 0.43359375 0.0625 0.078125
0 0.2705078125 0.4244791666666667 0.044921875 0.08984375
0 0.3330078125 0.4114583333333333 0.041015625 0.07682291666666667
0 0.3017578125 0.546875 0.05859375 0.078125
0 0.4189453125 0.4973958333333333 0.06640625 0.09765625
0 0.3994140625 0.5182291666666666 0.0615234375 0.07421875
0 0.470703125 0.55078125 0.078125 0.09114583333333333
0 0.482421875 0.4622395833333333 0.0546875 0.03125
0 0.556640625 0.5221354166666666 0.0341796875 0.07552083333333333
0 0.6591796875 0.5234375 0.1162109375 0.07552083333333333
0 0.7255859375 0.6875 0.0732421875 0.10416666666666667
0 0.912109375 0.7591145833333334 0.0576171875 0.053385416666666664
0 0.9814453125 0.66015625 0.03515625 0.07421875
0 0.751953125 0.39453125 0.0419921875 0.09765625
0 0.8291015625 0.4661458333333333 0.0576171875 0.09635416666666667
0 0.45703125 0.58203125 0.052734375 0.06640625