1 0.5911458333333334 0.4541015625 0.15885416666666666 0.1201171875
1 0.051432291666666664 0.330078125 0.10286458333333333 0.115234375
1 0.921875 0.51171875 0.15494791666666666 0.11328125
1 0.3697916666666667 0.6455078125 0.19140625 0.1123046875
1 0.9427083333333334 0.39453125 0.11197916666666667 0.111328125
1 0.5690104166666666 0.58984375 0.1953125 0.109375
1 0.7291666666666666 0.7412109375 0.2109375 0.1025390625
1 0.16666666666666666 0.7705078125 0.13932291666666666 0.08984375
1 0.8645833333333334 0.8955078125 0.16796875 0.0859375
1 0.4388020833333333 0.7490234375 0.12239583333333333 0.0830078125
1 0.5872395833333334 0.7919921875 0.15364583333333334 0.0751953125
1 0.8671875 0.35546875 0.13151041666666666 0.0712890625
1 0.10026041666666667 0.2353515625 0.16145833333333334 0.0703125
1 0.37890625 0.9736328125 0.11979166666666667 0.0517578125
1 0.3294270833333333 0.015625 0.13020833333333334 0.03125