0 0.34375 0.4267578125 0.40625 0.2119140625
0 0.6861979166666666 0.41796875 0.234375 0.205078125
4 0.5794270833333334 0.64453125 0.2786458333333333 0.1240234375
0 0.2708333333333333 0.3408203125 0.1953125 0.1240234375
0 0.06640625 0.822265625 0.09765625 0.1171875
0 0.19791666666666666 0.5712890625 0.08072916666666667 0.0927734375
0 0.15364583333333334 0.4482421875 0.06510416666666667 0.091796875
0 0.038411458333333336 0.64208984375 0.07682291666666667 0.0771484375
0 0.09635416666666667 0.6259765625 0.10807291666666667 0.0693359375
0 0.09309895833333333 0.7529296875 0.18619791666666666 0.06640625
0 0.16015625 0.6806640625 0.0859375 0.0615234375
4 0.6106770833333334 0.1494140625 0.4348958333333333 0.2841796875