0 0.390625 0.8502604166666666 0.07421875 0.08854166666666667
0 0.3525390625 0.7864583333333334 0.0595703125 0.09114583333333333
0 0.3330078125 0.75390625 0.0537109375 0.09505208333333333
0 0.2890625 0.7161458333333334 0.0302734375 0.078125
0 0.4609375 0.7408854166666666 0.0673828125 0.09895833333333333
0 0.490234375 0.66796875 0.05859375 0.0859375
0 0.416015625 0.6796875 0.068359375 0.08984375
0 0.3876953125 0.7200520833333334 0.044921875 0.049479166666666664
0 0.4892578125 0.5403645833333334 0.072265625 0.10026041666666667
0 0.556640625 0.390625 0.0888671875 0.13411458333333334
0 0.5087890625 0.42578125 0.0576171875 0.0625
0 0.392578125 0.4661458333333333 0.0673828125 0.05859375
0 0.4326171875 0.3763020833333333 0.052734375 0.07682291666666667
0 0.40234375 0.3346354166666667 0.0654296875 0.08072916666666667
0 0.5380859375 0.19010416666666666 0.060546875 0.09895833333333333
0 0.4833984375 0.09114583333333333 0.0791015625 0.17317708333333334
0 0.4404296875 0.7799479166666666 0.0576171875 0.0234375
0 0.486328125 0.3489583333333333 0.0673828125 0.049479166666666664
0 0.5048828125 0.13932291666666666 0.0439453125 0.07291666666666667