2 0.517578125 0.6575520833333334 0.2998046875 0.19921875
2 0.533203125 0.4609375 0.048828125 0.08854166666666667
2 0.6298828125 0.4609375 0.0400390625 0.08463541666666667
2 0.376953125 0.51171875 0.04296875 0.06901041666666667
2 0.8154296875 0.4283854166666667 0.037109375 0.06901041666666667
2 0.59375 0.4674479166666667 0.03125 0.061197916666666664
2 0.474609375 0.484375 0.03515625 0.061197916666666664
2 0.4599609375 0.48046875 0.0234375 0.052083333333333336
2 0.74609375 0.44921875 0.0234375 0.052083333333333336
2 0.7373046875 0.4401041666666667 0.0234375 0.048177083333333336
2 0.6787109375 0.4700520833333333 0.0126953125 0.036458333333333336
2 0.7021484375 0.46875 0.0234375 0.029947916666666668
2 0.8291015625 0.3919270833333333 0.0244140625 0.049479166666666664