1 0.3055555555555556 0.583984375 0.2482638888888889 0.146484375
1 0.6649305555555556 0.623046875 0.24131944444444445 0.1201171875
1 0.7447916666666666 0.4521484375 0.2048611111111111 0.1298828125
1 0.6180555555555556 0.5576171875 0.1875 0.083984375
1 0.2708333333333333 0.765625 0.14756944444444445 0.1103515625
1 0.1388888888888889 0.912109375 0.2222222222222222 0.12890625
1 0.5989583333333334 0.81640625 0.2013888888888889 0.1171875
1 0.7100694444444444 0.7890625 0.2534722222222222 0.126953125
1 0.8159722222222222 0.724609375 0.2048611111111111 0.0986328125
1 0.8524305555555556 0.87109375 0.2708333333333333 0.0693359375
1 0.7065972222222222 0.9404296875 0.1996527777777778 0.111328125
1 0.90625 0.322265625 0.18229166666666666 0.1220703125
1 0.6579861111111112 0.166015625 0.3211805555555556 0.1142578125
1 0.22743055555555555 0.0712890625 0.2934027777777778 0.1376953125
1 0.3732638888888889 0.1728515625 0.19444444444444445 0.12890625
1 0.1232638888888889 0.2958984375 0.2222222222222222 0.134765625
1 0.09375 0.1494140625 0.17881944444444445 0.08984375
1 0.5920138888888888 0.0439453125 0.24305555555555555 0.0830078125
1 0.5503472222222222 0.3603515625 0.13541666666666666 0.2138671875
1 0.3958333333333333 0.40625 0.13368055555555555 0.103515625
1 0.9184027777777778 0.1005859375 0.1597222222222222 0.189453125
1 0.08333333333333333 0.654296875 0.16666666666666666 0.08984375
1 0.2013888888888889 0.634765625 0.22569444444444445 0.119140625
1 0.4618055555555556 0.646484375 0.22743055555555555 0.10546875
1 0.8958333333333334 0.58984375 0.1545138888888889 0.103515625
1 0.6284722222222222 0.23046875 0.22916666666666666 0.0595703125
1 0.6215277777777778 0.33203125 0.078125 0.0400390625
1 0.6753472222222222 0.2880859375 0.1840277777777778 0.083984375
1 0.984375 0.5986328125 0.027777777777777776 0.0673828125
1 0.8697916666666666 0.9404296875 0.1527777777777778 0.041015625
1 0.3645833333333333 0.748046875 0.12152777777777778 0.046875
1 0.0685763888888889 0.609375 0.1371527777777778 0.060546875