4 0.54296875 0.130859375 0.2916666666666667 0.1142578125
4 0.08723958333333333 0.0966796875 0.15755208333333334 0.083984375
6 0.7174479166666666 0.4560546875 0.21875 0.080078125
0 0.728515625 0.03662109375 0.29296875 0.0732421875
6 0.3541666666666667 0.59765625 0.16145833333333334 0.0595703125
0 0.7421875 0.341796875 0.14453125 0.0498046875
0 0.18880208333333334 0.02294921875 0.109375 0.0458984375
0 0.3138020833333333 0.029296875 0.08072916666666667 0.044921875
0 0.4765625 0.431640625 0.20052083333333334 0.0439453125
0 0.1484375 0.31640625 0.14973958333333334 0.0419921875
0 0.4778645833333333 0.044921875 0.07682291666666667 0.0390625
0 0.3958333333333333 0.0810546875 0.08723958333333333 0.0390625
0 0.7903645833333334 0.1064453125 0.11067708333333333 0.037109375
0 0.9609375 0.2275390625 0.052083333333333336 0.0361328125
4 0.7942708333333334 0.169921875 0.07291666666666667 0.0341796875
0 0.8893229166666666 0.107421875 0.09114583333333333 0.033203125
0 0.96484375 0.1044921875 0.06770833333333333 0.0322265625
0 0.5677083333333334 0.201171875 0.03515625 0.0322265625
0 0.9270833333333334 0.1357421875 0.1015625 0.03125
0 0.5598958333333334 0.0537109375 0.049479166666666664 0.03125
4 0.33984375 0.35546875 0.14322916666666666 0.0283203125
0 0.8424479166666666 0.140625 0.08072916666666667 0.02734375
0 0.7291666666666666 0.146484375 0.06640625 0.02734375
0 0.06901041666666667 0.01318359375 0.08854166666666667 0.0263671875
6 0.17708333333333334 0.4150390625 0.11588541666666667 0.025390625
6 0.5638020833333334 0.357421875 0.078125 0.0205078125
0 0.8919270833333334 0.2265625 0.049479166666666664 0.01953125
0 0.98828125 0.2353515625 0.022135416666666668 0.01953125