0 0.8177083333333334 0.4775390625 0.2916666666666667 0.1357421875
0 0.1892361111111111 0.44921875 0.2725694444444444 0.1357421875
0 0.625 0.53515625 0.16493055555555555 0.130859375
4 0.5555555555555556 0.0986328125 0.7569444444444444 0.12109375
0 0.2586805555555556 0.5830078125 0.3072916666666667 0.1171875
0 0.15104166666666666 0.2939453125 0.16145833333333334 0.111328125
0 0.24305555555555555 0.388671875 0.2760416666666667 0.099609375
0 0.4930555555555556 0.2734375 0.22916666666666666 0.0908203125
0 0.5625 0.365234375 0.25 0.0859375
0 0.484375 0.4384765625 0.1996527777777778 0.0849609375
0 0.7534722222222222 0.3427734375 0.24479166666666666 0.0830078125
0 0.8368055555555556 0.2421875 0.14930555555555555 0.0576171875
0 0.050347222222222224 0.197265625 0.06076388888888889 0.0546875
0 0.2638888888888889 0.2001953125 0.09722222222222222 0.0498046875
0 0.84375 0.115234375 0.0642361111111111 0.0390625
0 0.9149305555555556 0.0498046875 0.04513888888888889 0.0341796875
0 0.7569444444444444 0.056640625 0.057291666666666664 0.025390625
0 0.3263888888888889 0.07421875 0.06597222222222222 0.0205078125
0 0.6805555555555556 0.0830078125 0.05555555555555555 0.0166015625