6 0.2981770833333333 0.5966796875 0.17708333333333334 0.0732421875
0 0.10546875 0.0966796875 0.08984375 0.060546875
0 0.17708333333333334 0.140625 0.08333333333333333 0.056640625
0 0.2747395833333333 0.1650390625 0.07421875 0.0546875
0 0.13020833333333334 0.0458984375 0.12630208333333334 0.0537109375
0 0.051432291666666664 0.1640625 0.10286458333333333 0.0546875
0 0.029296875 0.0791015625 0.05859375 0.052734375
6 0.796875 0.5126953125 0.1640625 0.048828125
0 0.4348958333333333 0.2197265625 0.09375 0.046875
0 0.234375 0.083984375 0.08723958333333333 0.046875
4 0.07421875 0.2275390625 0.1484375 0.0478515625
0 0.82421875 0.16796875 0.10026041666666667 0.0439453125
0 0.3268229166666667 0.1298828125 0.0546875 0.04296875
0 0.2643229166666667 0.1162109375 0.06901041666666667 0.0390625
0 0.63671875 0.3232421875 0.08984375 0.0390625
0 0.5104166666666666 0.1650390625 0.078125 0.0380859375
0 0.3541666666666667 0.181640625 0.055989583333333336 0.0361328125
0 0.7526041666666666 0.2646484375 0.08333333333333333 0.0341796875
0 0.7265625 0.1875 0.05859375 0.0341796875
0 0.5390625 0.2431640625 0.07552083333333333 0.033203125
0 0.66015625 0.1923828125 0.06510416666666667 0.03125
0 0.4309895833333333 0.166015625 0.053385416666666664 0.0302734375
0 0.10677083333333333 0.0146484375 0.11588541666666667 0.029296875
0 0.8072916666666666 0.2412109375 0.05859375 0.0283203125
0 0.859375 0.216796875 0.06640625 0.0283203125
0 0.5169270833333334 0.2109375 0.06510416666666667 0.025390625
0 0.41015625 0.1376953125 0.061197916666666664 0.0244140625
0 0.6393229166666666 0.1611328125 0.07682291666666667 0.0224609375
0 0.8515625 0.283203125 0.055989583333333336 0.021484375