0 0.4166666666666667 0.6689453125 0.19010416666666666 0.29296875
0 0.8502604166666666 0.580078125 0.17578125 0.26953125
0 0.22916666666666666 0.55078125 0.10416666666666667 0.248046875
0 0.52734375 0.2998046875 0.13541666666666666 0.2080078125
0 0.50390625 0.40234375 0.07421875 0.1494140625
0 0.4127604166666667 0.50390625 0.10677083333333333 0.0888671875
0 0.6940104166666666 0.7080078125 0.16015625 0.0849609375
0 0.578125 0.7939453125 0.23177083333333334 0.0810546875
0 0.17447916666666666 0.818359375 0.0546875 0.078125
0 0.24088541666666666 0.8232421875 0.06901041666666667 0.07421875
0 0.3932291666666667 0.88671875 0.14713541666666666 0.072265625
0 0.24479166666666666 0.7548828125 0.07161458333333333 0.0693359375
0 0.2421875 0.96484375 0.09114583333333333 0.068359375
0 0.060546875 0.89404296875 0.12109375 0.0673828125
0 0.09635416666666667 0.9501953125 0.053385416666666664 0.060546875
0 0.15364583333333334 0.8896484375 0.09114583333333333 0.0537109375