0 0.2734375 0.509765625 0.33984375 0.146484375
0 0.875 0.640625 0.24739583333333334 0.1259765625
0 0.65625 0.310546875 0.203125 0.109375
0 0.1640625 0.330078125 0.328125 0.109375
0 0.5390625 0.443359375 0.28515625 0.1044921875
0 0.453125 0.212890625 0.35546875 0.099609375
0 0.5143229166666666 0.2890625 0.2591145833333333 0.0986328125
0 0.24348958333333334 0.794921875 0.2643229166666667 0.09765625
0 0.7018229166666666 0.091796875 0.3489583333333333 0.0966796875
0 0.43359375 0.7783203125 0.3216145833333333 0.0927734375
0 0.8684895833333334 0.16796875 0.26171875 0.091796875
0 0.85546875 0.83984375 0.2864583333333333 0.087890625
0 0.8502604166666666 0.4931640625 0.2981770833333333 0.0849609375
0 0.15234375 0.6787109375 0.2955729166666667 0.08203125
0 0.734375 0.69140625 0.24739583333333334 0.0771484375
0 0.8997395833333334 0.3916015625 0.19921875 0.076171875
0 0.048828125 0.927734375 0.09765625 0.076171875
0 0.4348958333333333 0.80078125 0.2903645833333333 0.0732421875
0 0.5651041666666666 0.7734375 0.1953125 0.072265625
0 0.044270833333333336 0.490234375 0.08854166666666667 0.0712890625
0 0.8528645833333334 0.9091796875 0.29296875 0.0703125
0 0.7799479166666666 0.4130859375 0.07942708333333333 0.068359375
0 0.039713541666666664 0.05712890625 0.07942708333333333 0.0693359375
0 0.55859375 0.8525390625 0.2760416666666667 0.0673828125
0 0.4440104166666667 0.544921875 0.13541666666666666 0.0673828125
0 0.23307291666666666 0.26953125 0.1953125 0.0673828125
0 0.07942708333333333 0.8505859375 0.15885416666666666 0.0634765625
0 0.3880208333333333 0.6474609375 0.22395833333333334 0.0625
0 0.7044270833333334 0.6201171875 0.1328125 0.056640625
0 0.4348958333333333 0.7216796875 0.2747395833333333 0.05078125
0 0.90625 0.6064453125 0.18489583333333334 0.0498046875
0 0.3359375 0.9775390625 0.26953125 0.0439453125
0 0.6888020833333334 0.9775390625 0.2669270833333333 0.0439453125
0 0.013020833333333334 0.1298828125 0.026041666666666668 0.0498046875