0 0.5221354166666666 0.1943359375 0.953125 0.3876953125
0 0.134765625 0.2392578125 0.26953125 0.228515625
0 0.18229166666666666 0.4765625 0.3645833333333333 0.2236328125
4 0.69140625 0.5048828125 0.6158854166666666 0.2041015625
0 0.26953125 0.7412109375 0.3645833333333333 0.1279296875
0 0.3580729166666667 0.5869140625 0.2916666666666667 0.0986328125
0 0.9283854166666666 0.5029296875 0.14192708333333334 0.0810546875
0 0.8098958333333334 0.845703125 0.1953125 0.078125
0 0.8098958333333334 0.58203125 0.07942708333333333 0.06640625
4 0.6145833333333334 0.826171875 0.09895833333333333 0.064453125
0 0.8268229166666666 0.640625 0.1015625 0.0634765625
0 0.6458333333333334 0.6435546875 0.13020833333333334 0.0556640625
0 0.20182291666666666 0.63671875 0.08854166666666667 0.048828125
0 0.037109375 0.9482421875 0.07421875 0.044921875
0 0.52734375 0.6533203125 0.08463541666666667 0.0419921875
0 0.3216145833333333 0.6494140625 0.06901041666666667 0.041015625
0 0.58984375 0.6953125 0.037760416666666664 0.041015625
0 0.4440104166666667 0.6728515625 0.0703125 0.0400390625
0 0.6080729166666666 0.658203125 0.10286458333333333 0.0361328125
0 0.036458333333333336 0.712890625 0.06510416666666667 0.029296875
0 0.43359375 0.6533203125 0.08072916666666667 0.0234375