0 0.3229166666666667 0.0888671875 0.13932291666666666 0.177734375
0 0.19921875 0.08056640625 0.09114583333333333 0.1611328125
0 0.54296875 0.18359375 0.1640625 0.15234375
4 0.5950520833333334 0.533203125 0.14713541666666666 0.1474609375
0 0.21223958333333334 0.29296875 0.06901041666666667 0.0810546875
4 0.3307291666666667 0.6181640625 0.11197916666666667 0.0751953125
0 0.31640625 0.388671875 0.10546875 0.0693359375
0 0.078125 0.39453125 0.07421875 0.0673828125
0 0.029296875 0.453125 0.05859375 0.05859375
0 0.10026041666666667 0.322265625 0.11328125 0.0556640625
0 0.3984375 0.3583984375 0.16927083333333334 0.0537109375
0 0.12239583333333333 0.443359375 0.07291666666666667 0.0537109375
0 0.0390625 0.38671875 0.07682291666666667 0.0478515625
0 0.15755208333333334 0.3681640625 0.08984375 0.0400390625
0 0.2565104166666667 0.3095703125 0.09765625 0.03515625
0 0.2903645833333333 0.2783203125 0.08072916666666667 0.0341796875