2 0.20963541666666666 0.3193359375 0.09895833333333333 0.109375
2 0.171875 0.3212890625 0.041666666666666664 0.0908203125
2 0.7825520833333334 0.3828125 0.0625 0.0791015625
2 0.9049479166666666 0.384765625 0.061197916666666664 0.0693359375
2 0.9713541666666666 0.3896484375 0.0546875 0.0556640625
2 0.6119791666666666 0.3876953125 0.033854166666666664 0.0546875
2 0.3958333333333333 0.533203125 0.20833333333333334 0.0498046875
2 0.6380208333333334 0.3779296875 0.052083333333333336 0.0498046875
2 0.5859375 0.38671875 0.032552083333333336 0.048828125
2 0.421875 0.353515625 0.06380208333333333 0.046875
2 0.3372395833333333 0.34765625 0.045572916666666664 0.0439453125
2 0.453125 0.3603515625 0.041666666666666664 0.0390625
2 0.38671875 0.3623046875 0.04296875 0.0361328125