0 0.5486111111111112 0.50390625 0.13541666666666666 0.0556640625
0 0.9496527777777778 0.5419921875 0.09722222222222222 0.06640625
0 0.3871527777777778 0.3291015625 0.13194444444444445 0.05859375
0 0.7326388888888888 0.25390625 0.15104166666666666 0.06640625
0 0.46875 0.2158203125 0.11805555555555555 0.056640625
0 0.2760416666666667 0.224609375 0.0954861111111111 0.0458984375
0 0.3315972222222222 0.23828125 0.0642361111111111 0.052734375
0 0.23958333333333334 0.24609375 0.06597222222222222 0.0458984375
0 0.7743055555555556 0.12109375 0.0920138888888889 0.0322265625
0 0.24305555555555555 0.1416015625 0.057291666666666664 0.0390625
0 0.765625 0.0732421875 0.08854166666666667 0.0322265625
0 0.6979166666666666 0.04296875 0.06597222222222222 0.0419921875
0 0.3489583333333333 0.4169921875 0.07291666666666667 0.0712890625
0 0.3854166666666667 0.2001953125 0.06597222222222222 0.0439453125
0 0.5121527777777778 0.126953125 0.05381944444444445 0.044921875
0 0.9652777777777778 0.1357421875 0.0642361111111111 0.09765625