4 0.4114583333333333 0.5283203125 0.2591145833333333 0.1376953125
0 0.921875 0.3251953125 0.15364583333333334 0.1259765625
4 0.2643229166666667 0.9375 0.2513020833333333 0.123046875
6 0.6888020833333334 0.4306640625 0.059895833333333336 0.0859375
0 0.73046875 0.5078125 0.06380208333333333 0.0830078125
0 0.5364583333333334 0.875 0.19010416666666666 0.0771484375
0 0.9466145833333334 0.4267578125 0.10416666666666667 0.07421875
0 0.9713541666666666 0.3837890625 0.055989583333333336 0.072265625
0 0.9010416666666666 0.5419921875 0.08854166666666667 0.0654296875
0 0.6875 0.50390625 0.041666666666666664 0.064453125
0 0.6223958333333334 0.556640625 0.036458333333333336 0.0634765625
4 0.5442708333333334 0.798828125 0.11979166666666667 0.060546875
0 0.8111979166666666 0.5546875 0.08984375 0.0595703125
0 0.6002604166666666 0.4951171875 0.05859375 0.05859375
4 0.7825520833333334 0.716796875 0.20442708333333334 0.0517578125
0 0.9205729166666666 0.5986328125 0.10026041666666667 0.041015625
0 0.9674479166666666 0.6513671875 0.06380208333333333 0.0380859375
0 0.8697916666666666 0.5625 0.09895833333333333 0.037109375