4 0.7119140625 0.6953125 0.2060546875 0.20572916666666666
4 0.42578125 0.3125 0.076171875 0.1171875
0 0.5224609375 0.3971354166666667 0.0234375 0.06640625
0 0.5400390625 0.4192708333333333 0.0244140625 0.05859375
0 0.5576171875 0.3723958333333333 0.0341796875 0.0546875
0 0.5791015625 0.4427083333333333 0.04296875 0.052083333333333336
0 0.2802734375 0.18619791666666666 0.0234375 0.048177083333333336
0 0.580078125 0.4908854166666667 0.06640625 0.046875
0 0.57421875 0.33984375 0.044921875 0.044270833333333336
0 0.5107421875 0.2838541666666667 0.0224609375 0.04296875
0 0.6435546875 0.4166666666666667 0.0244140625 0.040364583333333336
0 0.7939453125 0.37890625 0.0390625 0.037760416666666664
0 0.564453125 0.23958333333333334 0.013671875 0.024739583333333332
0 0.6494140625 0.4869791666666667 0.013671875 0.020833333333333332
0 0.7197265625 0.4244791666666667 0.009765625 0.01953125
0 0.7001953125 0.4309895833333333 0.0224609375 0.01171875
0 0.4189453125 0.4765625 0.0751953125 0.04296875